#  N   trapezoid     Simpsons      Gauss  
#-----------------------------------------
1.09861  -3.875352e+00  -7.995180e+00  -1.453718e+01
1.386294e+00  -4.683983e+00  -2.586607e+00  -1.805086e+01
1.609438e+00  -5.258540e+00  -1.074819e+01  -1.805086e+01
1.791759e+00  -5.704430e+00  -3.154572e+00  -1.805086e+01
1.945910e+00  -6.068885e+00  -1.237361e+01  -1.634351e+01
2.079442e+00  -6.377073e+00  -3.517046e+00  -1.805086e+01
2.197225e+00  -6.644082e+00  -1.354883e+01  -1.805086e+01
2.302585e+00  -6.879528e+00  -3.783193e+00  -1.805086e+01
2.397895e+00  -7.090285e+00  -1.441102e+01  -1.805086e+01
2.484907e+00  -7.280701e+00  -3.993438e+00  -1.805086e+01
2.564949e+00  -7.454954e+00  -1.513077e+01  -1.603405e+01
2.639057e+00  -7.614720e+00  -4.167170e+00  -1.540976e+01
2.708050e+00  -7.762839e+00  -1.556357e+01  -1.634351e+01
2.772589e+00  -7.901011e+00  -4.315219e+00  -1.805086e+01
2.833213e+00  -8.030193e+00  -1.634351e+01  -1.805086e+01
2.890372e+00  -8.151391e+00  -4.444177e+00  -1.634351e+01
2.944439e+00  -8.265589e+00  -1.634351e+01  -1.603405e+01
2.995732e+00  -8.373077e+00  -4.558409e+00  -1.634351e+01
3.044522e+00  -8.477084e+00  -1.556357e+01  -1.603405e+01
3.091042e+00  -8.574033e+00  -4.660925e+00  -1.805086e+01
3.135494e+00  -8.667606e+00  -1.634351e+01  -1.603405e+01
3.178054e+00  -8.755173e+00  -4.753931e+00  -1.556357e+01
3.218876e+00  -8.840672e+00  -1.805086e+01  -1.603405e+01
3.258097e+00  -8.922081e+00  -4.839010e+00  -1.634351e+01
3.295837e+00  -9.000720e+00  -1.634351e+01  -1.805086e+01
3.332205e+00  -9.077782e+00  -4.917429e+00  -1.556357e+01
3.367296e+00  -9.147906e+00  -1.805086e+01  -1.603405e+01
3.401197e+00  -9.219506e+00  -4.990145e+00  -1.805086e+01
3.433987e+00  -9.288441e+00  -1.513077e+01  -1.556357e+01
3.465736e+00  -9.352650e+00  -5.057935e+00  -1.805086e+01
3.496508e+00  -9.416620e+00  -1.603405e+01  -1.634351e+01
3.526361e+00  -9.476315e+00  -5.121435e+00  -1.805086e+01
3.555348e+00  -9.539800e+00  -1.805086e+01  -1.634351e+01
3.583519e+00  -9.595045e+00  -5.181108e+00  -1.540976e+01
3.610918e+00  -9.654990e+00  -1.513077e+01  -1.805086e+01
3.637586e+00  -9.707845e+00  -5.237464e+00  -1.556357e+01
3.663562e+00  -9.760376e+00  -1.634351e+01  -1.805086e+01
3.688879e+00  -9.810651e+00  -5.290783e+00  -1.603405e+01
3.713572e+00  -9.861777e+00  -1.805086e+01  -1.603405e+01
3.737670e+00  -9.911848e+00  -5.341360e+00  -1.634351e+01
3.761200e+00  -9.958563e+00  -1.634351e+01  -1.634351e+01
3.784190e+00  -1.000966e+01  -5.389558e+00  -1.805086e+01
3.806662e+00  -1.005470e+01  -1.603405e+01  -1.540976e+01
3.828641e+00  -1.009957e+01  -5.435578e+00  -1.556357e+01
3.850148e+00  -1.014414e+01  -1.805086e+01  -1.805086e+01
3.871201e+00  -1.018578e+01  -5.479492e+00  -1.805086e+01
3.891820e+00  -1.022401e+01  -1.634351e+01  -1.603405e+01
3.912023e+00  -1.026107e+01  -5.521620e+00  -1.556357e+01
3.931826e+00  -1.030236e+01  -1.634351e+01  -1.634351e+01
3.951244e+00  -1.034542e+01  -5.562035e+00  -1.634351e+01
3.970292e+00  -1.039043e+01  -1.556357e+01  -1.805086e+01
3.988984e+00  -1.042477e+01  -5.600881e+00  -1.556357e+01
4.007333e+00  -1.045377e+01  -1.603405e+01  -1.634351e+01
4.025352e+00  -1.050751e+01  -5.638245e+00  -1.634351e+01
4.043051e+00  -1.052491e+01  -1.603405e+01  -1.805086e+01
4.060443e+00  -1.057162e+01  -5.674254e+00  -1.634351e+01
4.077537e+00  -1.060910e+01  -1.805086e+01  -1.805086e+01
4.094345e+00  -1.064407e+01  -5.709132e+00  -1.805086e+01
4.110874e+00  -1.068032e+01  -1.556357e+01  -1.805086e+01
4.127134e+00  -1.070944e+01  -5.742707e+00  -1.603405e+01
4.143135e+00  -1.072219e+01  -1.603405e+01  -1.603405e+01
4.158883e+00  -1.077037e+01  -5.775108e+00  -1.634351e+01
4.174387e+00  -1.078849e+01  -1.805086e+01  -1.634351e+01
4.189655e+00  -1.082573e+01  -5.806679e+00  -1.634351e+01
4.204693e+00  -1.086441e+01  -1.603405e+01  -1.603405e+01
4.219508e+00  -1.088937e+01  -5.837176e+00  -1.634351e+01
4.234107e+00  -1.092016e+01  -1.603405e+01  -1.540976e+01
4.248495e+00  -1.094123e+01  -5.866767e+00  -1.634351e+01
4.262680e+00  -1.099033e+01  -1.513077e+01  -1.805086e+01
4.276666e+00  -1.102445e+01  -5.895579e+00  -1.482970e+01
4.290459e+00  -1.103609e+01  -1.603405e+01  -1.634351e+01
4.304065e+00  -1.105381e+01  -5.923588e+00  -1.805086e+01
4.317488e+00  -1.109021e+01  -1.634351e+01  -1.634351e+01
4.330733e+00  -1.112159e+01  -5.950846e+00  -1.556357e+01
4.343805e+00  -1.114090e+01  -1.603405e+01  -1.513077e+01
4.356709e+00  -1.118747e+01  -5.977230e+00  -1.805086e+01
4.369448e+00  -1.120118e+01  -1.556357e+01  -1.603405e+01
4.382027e+00  -1.123631e+01  -6.003146e+00  -1.634351e+01
4.394449e+00  -1.125072e+01  -1.634351e+01  -1.556357e+01
4.406719e+00  -1.128016e+01  -6.028341e+00  -1.603405e+01
4.418841e+00  -1.130283e+01  -1.603405e+01  -1.603405e+01
4.430817e+00  -1.131824e+01  -6.052863e+00  -1.603405e+01
4.442651e+00  -1.135781e+01  -1.603405e+01  -1.556357e+01
4.454347e+00  -1.134977e+01  -6.076728e+00  -1.556357e+01
4.465908e+00  -1.136592e+01  -1.634351e+01  -1.540976e+01
4.477337e+00  -1.140747e+01  -6.099998e+00  -1.556357e+01
4.488636e+00  -1.142459e+01  -1.556357e+01  -1.603405e+01
4.499810e+00  -1.145083e+01  -6.123048e+00  -1.513077e+01
4.510860e+00  -1.149615e+01  -1.540976e+01  -1.634351e+01
4.521789e+00  -1.149615e+01  -6.145410e+00  -1.603405e+01
4.532599e+00  -1.149615e+01  -1.556357e+01  -1.513077e+01
4.543295e+00  -1.158329e+01  -6.167068e+00  -1.540976e+01
4.553877e+00  -1.155339e+01  -1.603405e+01  -1.805086e+01
4.564348e+00  -1.160373e+01  -6.188654e+00  -1.556357e+01
4.574711e+00  -1.159346e+01  -1.556357e+01  -1.603405e+01
4.584967e+00  -1.161411e+01  -6.209684e+00  -1.556357e+01
4.595120e+00  -1.167875e+01  -1.603405e+01  -1.634351e+01
4.605170e+00  -1.165674e+01  -6.230207e+00  -1.556357e+01
4.615121e+00  -1.171272e+01  -1.634351e+01  -1.634351e+01
4.624973e+00  -1.173601e+01  -6.250036e+00  -1.805086e+01
4.634729e+00  -1.174787e+01  -1.634351e+01  -1.482970e+01
4.644391e+00  -1.175987e+01  -6.269719e+00  -1.513077e+01
4.653960e+00  -1.177201e+01  -1.513077e+01  -1.482970e+01
4.663439e+00  -1.177201e+01  -6.289034e+00  -1.453718e+01
4.672829e+00  -1.179675e+01  -1.603405e+01  -1.603405e+01
4.682131e+00  -1.184815e+01  -6.308108e+00  -1.805086e+01
4.691348e+00  -1.188850e+01  -1.556357e+01  -1.482970e+01
4.700480e+00  -1.187487e+01  -6.326762e+00  -1.475290e+01
4.709530e+00  -1.183505e+01  -1.475290e+01  -1.805086e+01
4.718499e+00  -1.188850e+01  -6.345126e+00  -1.540976e+01
4.727388e+00  -1.191634e+01  -1.459860e+01  -1.634351e+01
4.736198e+00  -1.198953e+01  -6.363067e+00  -1.513077e+01
4.744932e+00  -1.193056e+01  -1.805086e+01  -1.634351e+01
4.753590e+00  -1.198953e+01  -6.380557e+00  -1.556357e+01
4.762174e+00  -1.198953e+01  -1.540976e+01  -1.556357e+01
4.770685e+00  -1.198953e+01  -6.397791e+00  -1.634351e+01
4.779123e+00  -1.208507e+01  -1.805086e+01  -1.603405e+01
4.787492e+00  -1.208507e+01  -6.414694e+00  -1.556357e+01
4.795791e+00  -1.200483e+01  -1.805086e+01  -1.603405e+01
4.804021e+00  -1.206850e+01  -6.431653e+00  -1.513077e+01
4.812184e+00  -1.205220e+01  -1.634351e+01  -1.540976e+01
4.820282e+00  -1.215425e+01  -6.448071e+00  -1.540976e+01
4.828314e+00  -1.219072e+01  -1.513077e+01  -1.603405e+01
4.836282e+00  -1.211906e+01  -6.464339e+00  -1.513077e+01
4.844187e+00  -1.219072e+01  -1.603405e+01  -1.634351e+01
4.852030e+00  -1.224805e+01  -6.480323e+00  -1.556357e+01
4.859812e+00  -1.220947e+01  -1.805086e+01  -1.805086e+01
4.867534e+00  -1.219072e+01  -6.495816e+00  -1.482970e+01
4.875197e+00  -1.232998e+01  -1.502834e+01  -1.634351e+01
4.882802e+00  -1.235156e+01  -6.511363e+00  -1.482970e+01
4.890349e+00  -1.224805e+01  -1.603405e+01  -1.482970e+01
4.897840e+00  -1.228817e+01  -6.526512e+00  -1.540976e+01
4.905275e+00  -1.228817e+01  -1.513077e+01  -1.634351e+01
4.912655e+00  -1.232998e+01  -6.541566e+00  -1.634351e+01
4.919981e+00  -1.232998e+01  -1.634351e+01  -1.634351e+01
4.927254e+00  -1.237361e+01  -6.556054e+00  -1.603405e+01
4.934474e+00  -1.226791e+01  -1.556357e+01  -1.805086e+01
4.941642e+00  -1.246704e+01  -6.571092e+00  -1.603405e+01
4.948760e+00  -1.239616e+01  -1.475290e+01  -1.540976e+01
4.955827e+00  -1.237361e+01  -6.585129e+00  -1.513077e+01
4.962845e+00  -1.237361e+01  -1.634351e+01  -1.805086e+01
4.969813e+00  -1.241923e+01  -6.599228e+00  -1.634351e+01
4.976734e+00  -1.241923e+01  -1.556357e+01  -1.603405e+01
4.983607e+00  -1.246704e+01  -6.612966e+00  -1.805086e+01
4.990433e+00  -1.251724e+01  -1.475290e+01  -1.513077e+01
4.997212e+00  -1.241923e+01  -6.626967e+00  -1.502834e+01
5.003946e+00  -1.246704e+01  -1.603405e+01  -1.634351e+01
5.010635e+00  -1.249182e+01  -6.640878e+00  -1.634351e+01
5.017280e+00  -1.257010e+01  -1.513077e+01  -1.540976e+01
5.023881e+00  -1.254332e+01  -6.653668e+00  -1.540976e+01
5.030438e+00  -1.259761e+01  -1.603405e+01  -1.482970e+01
5.036953e+00  -1.254332e+01  -6.667438e+00  -1.502834e+01
5.043425e+00  -1.257010e+01  -1.805086e+01  -1.513077e+01
5.049856e+00  -1.254332e+01  -6.680124e+00  -1.603405e+01
5.056246e+00  -1.259761e+01  -1.482970e+01  -1.805086e+01
5.062595e+00  -1.259761e+01  -6.693125e+00  -1.459860e+01
5.068904e+00  -1.254332e+01  -1.513077e+01  -1.805086e+01
5.075174e+00  -1.265502e+01  -6.705526e+00  -1.556357e+01
5.081404e+00  -1.274783e+01  -1.805086e+01  -1.513077e+01
5.087596e+00  -1.268501e+01  -6.718161e+00  -1.540976e+01
5.093750e+00  -1.262590e+01  -1.502834e+01  -1.475290e+01
5.099866e+00  -1.281487e+01  -6.730800e+00  -1.634351e+01
5.105945e+00  -1.278079e+01  -1.603405e+01  -1.502834e+01
5.111988e+00  -1.278079e+01  -6.743361e+00  -1.540976e+01
5.117994e+00  -1.288672e+01  -1.435983e+01  -1.634351e+01
5.123964e+00  -1.278079e+01  -6.754948e+00  -1.540976e+01
5.129899e+00  -1.271593e+01  -1.502834e+01  -1.540976e+01
5.135798e+00  -1.296414e+01  -6.766752e+00  -1.603405e+01
5.141664e+00  -1.271593e+01  -1.603405e+01  -1.513077e+01
5.147494e+00  -1.288672e+01  -6.778532e+00  -1.502834e+01
5.153292e+00  -1.274783e+01  -1.475290e+01  -1.634351e+01
5.159055e+00  -1.285015e+01  -6.790368e+00  -1.805086e+01
5.164786e+00  -1.288672e+01  -1.634351e+01  -1.805086e+01
5.170484e+00  -1.278079e+01  -6.801922e+00  -1.603405e+01
5.176150e+00  -1.288672e+01  -1.513077e+01  -1.453718e+01
5.181784e+00  -1.281487e+01  -6.813268e+00  -1.513077e+01
5.187386e+00  -1.292468e+01  -1.634351e+01  -1.634351e+01
5.192957e+00  -1.278079e+01  -6.824396e+00  -1.634351e+01
5.198497e+00  -1.281487e+01  -1.482970e+01  -1.603405e+01
5.204007e+00  -1.285015e+01  -6.835738e+00  -1.459860e+01
5.209486e+00  -1.288672e+01  -1.603405e+01  -1.502834e+01
5.214936e+00  -1.288672e+01  -6.846678e+00  -1.540976e+01
5.220356e+00  -1.285015e+01  -1.556357e+01  -1.805086e+01
5.225747e+00  -1.296414e+01  -6.857649e+00  -1.634351e+01
5.231109e+00  -1.281487e+01  -1.556357e+01  -1.513077e+01
5.236442e+00  -1.300522e+01  -6.868650e+00  -1.459860e+01
5.241747e+00  -1.292468e+01  -1.453718e+01  -1.805086e+01
5.247024e+00  -1.304806e+01  -6.878400e+00  -1.556357e+01
5.252273e+00  -1.296414e+01  -1.540976e+01  -1.556357e+01
5.257495e+00  -1.313967e+01  -6.889449e+00  -1.603405e+01
5.262690e+00  -1.304806e+01  -1.482970e+01  -1.513077e+01
5.267858e+00  -1.304806e+01  -6.900153e+00  -1.482970e+01
5.273000e+00  -1.318883e+01  -1.603405e+01  -1.556357e+01
5.278115e+00  -1.304806e+01  -6.910500e+00  -1.805086e+01
5.283204e+00  -1.296414e+01  -1.805086e+01  -1.441102e+01
5.288267e+00  -1.313967e+01  -6.920955e+00  -1.603405e+01
5.293305e+00  -1.313967e+01  -1.603405e+01  -1.805086e+01
5.298317e+00  -1.304806e+01  -6.930845e+00  -1.603405e+01
5.303305e+00  -1.347909e+01  -1.540976e+01  -1.540976e+01
5.308268e+00  -1.300522e+01  -6.940737e+00  -1.556357e+01
5.313206e+00  -1.324053e+01  -1.475290e+01  -1.556357e+01
5.318120e+00  -1.313967e+01  -6.950530e+00  -1.513077e+01
5.323010e+00  -1.304806e+01  -1.459860e+01  -1.540976e+01
5.327876e+00  -1.318883e+01  -6.960321e+00  -1.475290e+01
5.332719e+00  -1.300522e+01  -1.805086e+01  -1.482970e+01
5.337538e+00  -1.309282e+01  -6.970309e+00  -1.634351e+01
5.342334e+00  -1.329505e+01  -1.805086e+01  -1.556357e+01
5.347108e+00  -1.335271e+01  -6.979890e+00  -1.634351e+01
5.351858e+00  -1.300522e+01  -1.502834e+01  -1.603405e+01
5.356586e+00  -1.313967e+01  -6.989258e+00  -1.482970e+01
5.361292e+00  -1.296414e+01  -1.540976e+01  -1.634351e+01
5.365976e+00  -1.324053e+01  -6.997888e+00  -1.441102e+01
5.370638e+00  -1.313967e+01  -1.475290e+01  -1.540976e+01
5.375278e+00  -1.329505e+01  -7.008782e+00  -1.513077e+01
5.379897e+00  -1.324053e+01  -1.482970e+01  -1.502834e+01
5.384495e+00  -1.324053e+01  -7.017583e+00  -1.805086e+01
5.389072e+00  -1.354883e+01  -1.556357e+01  -1.805086e+01
5.393628e+00  -1.335271e+01  -7.026888e+00  -1.603405e+01
5.398163e+00  -1.335271e+01  -1.634351e+01  -1.459860e+01
5.402677e+00  -1.335271e+01  -7.035958e+00  -1.634351e+01
5.407172e+00  -1.354883e+01  -1.805086e+01  -1.805086e+01
5.411646e+00  -1.318883e+01  -7.044570e+00  -1.513077e+01
5.416100e+00  -1.329505e+01  -1.459860e+01  -1.453718e+01
5.420535e+00  -1.324053e+01  -7.054457e+00  -1.603405e+01
5.424950e+00  -1.313967e+01  -1.502834e+01  -1.603405e+01
5.429346e+00  -1.309282e+01  -7.062570e+00  -1.805086e+01
5.433722e+00  -1.335271e+01  -1.502834e+01  -1.482970e+01
5.438079e+00  -1.362379e+01  -7.071527e+00  -1.540976e+01
5.442418e+00  -1.354883e+01  -1.805086e+01  -1.513077e+01
5.446737e+00  -1.362379e+01  -7.080004e+00  -1.441102e+01
5.451038e+00  -1.329505e+01  -1.482970e+01  -1.603405e+01
5.455321e+00  -1.304806e+01  -7.088893e+00  -1.603405e+01
5.459586e+00  -1.324053e+01  -1.634351e+01  -1.634351e+01
5.463832e+00  -1.362379e+01  -7.097634e+00  -1.396272e+01
5.468060e+00  -1.335271e+01  -1.805086e+01  -1.603405e+01
5.472271e+00  -1.379302e+01  -7.105876e+00  -1.634351e+01
5.476464e+00  -1.335271e+01  -1.540976e+01  -1.513077e+01
5.480639e+00  -1.354883e+01  -7.114071e+00  -1.540976e+01
5.484797e+00  -1.341391e+01  -1.540976e+01  -1.441102e+01
5.488938e+00  -1.335271e+01  -7.123036e+00  -1.805086e+01
5.493061e+00  -1.362379e+01  -1.603405e+01  -1.453718e+01
5.497168e+00  -1.324053e+01  -7.131255e+00  -1.603405e+01
5.501258e+00  -1.388974e+01  -1.540976e+01  -1.482970e+01
5.505332e+00  -1.370483e+01  -7.139543e+00  -1.459860e+01
5.509388e+00  -1.370483e+01  -1.407841e+01  -1.540976e+01
5.513429e+00  -1.347909e+01  -7.147181e+00  -1.556357e+01
5.517453e+00  -1.341391e+01  -1.360017e+01  -1.634351e+01
5.521461e+00  -1.347909e+01  -7.155724e+00  -1.556357e+01
5.525453e+00  -1.347909e+01  -1.540976e+01  -1.556357e+01
5.529429e+00  -1.347909e+01  -7.163487e+00  -1.805086e+01
5.533389e+00  -1.379302e+01  -1.805086e+01  -1.482970e+01
5.537334e+00  -1.324053e+01  -7.171065e+00  -1.603405e+01
5.541264e+00  -1.341391e+01  -1.540976e+01  -1.482970e+01
5.545177e+00  -1.341391e+01  -7.179444e+00  -1.556357e+01
5.549076e+00  -1.318883e+01  -1.540976e+01  -1.805086e+01
5.552960e+00  -1.388974e+01  -7.187394e+00  -1.441102e+01
5.556828e+00  -1.329505e+01  -1.805086e+01  -1.634351e+01
5.560682e+00  -1.329505e+01  -7.194528e+00  -1.388974e+01
5.564520e+00  -1.362379e+01  -1.453718e+01  -1.603405e+01
5.568345e+00  -1.362379e+01  -7.202979e+00  -1.425312e+01
5.572154e+00  -1.362379e+01  -1.482970e+01  -1.540976e+01
5.575949e+00  -1.370483e+01  -7.209206e+00  -1.453718e+01
5.579730e+00  -1.354883e+01  -1.441102e+01  -1.540976e+01
5.583496e+00  -1.341391e+01  -7.217654e+00  -1.805086e+01
5.587249e+00  -1.324053e+01  -1.805086e+01  -1.502834e+01
5.590987e+00  -1.370483e+01  -7.225138e+00  -1.475290e+01
5.594711e+00  -1.354883e+01  -1.556357e+01  -1.556357e+01
5.598422e+00  -1.379302e+01  -7.233984e+00  -1.482970e+01
5.602119e+00  -1.329505e+01  -1.540976e+01  -1.502834e+01
5.605802e+00  -1.354883e+01  -7.240670e+00  -1.634351e+01
5.609472e+00  -1.362379e+01  -1.482970e+01  -1.634351e+01
5.613128e+00  -1.347909e+01  -7.247666e+00  -1.634351e+01
5.616771e+00  -1.388974e+01  -1.540976e+01  -1.513077e+01
5.620401e+00  -1.329505e+01  -7.255246e+00  -1.634351e+01
5.624018e+00  -1.329505e+01  -1.513077e+01  -1.556357e+01
5.627621e+00  -1.388974e+01  -7.262614e+00  -1.459860e+01
5.631212e+00  -1.399684e+01  -1.805086e+01  -1.482970e+01
5.634790e+00  -1.347909e+01  -7.268277e+00  -1.805086e+01
5.638355e+00  -1.318883e+01  -1.513077e+01  -1.425312e+01
5.641907e+00  -1.354883e+01  -7.276560e+00  -1.603405e+01
5.645447e+00  -1.388974e+01  -1.540976e+01  -1.441102e+01
5.648974e+00  -1.482970e+01  -7.284087e+00  -1.556357e+01
5.652489e+00  -1.388974e+01  -1.540976e+01  -1.425312e+01
5.655992e+00  -1.370483e+01  -7.291395e+00  -1.603405e+01
5.659482e+00  -1.411679e+01  -1.603405e+01  -1.634351e+01
5.662960e+00  -1.370483e+01  -7.297781e+00  -1.453718e+01
5.666427e+00  -1.399684e+01  -1.603405e+01  -1.513077e+01
5.669881e+00  -1.513077e+01  -7.304348e+00  -1.634351e+01
5.673323e+00  -1.379302e+01  -1.634351e+01  -1.459860e+01
5.676754e+00  -1.347909e+01  -7.311524e+00  -1.556357e+01
5.680173e+00  -1.399684e+01  -1.603405e+01  -1.556357e+01
5.683580e+00  -1.370483e+01  -7.317898e+00  -1.425312e+01
5.686975e+00  -1.335271e+01  -1.459860e+01  -1.805086e+01
5.690359e+00  -1.370483e+01  -7.325458e+00  -1.420925e+01
5.693732e+00  -1.411679e+01  -1.459860e+01  -1.453718e+01
5.697093e+00  -1.399684e+01  -7.331922e+00  -1.459860e+01
5.700444e+00  -1.411679e+01  -1.513077e+01  -1.540976e+01
5.703782e+00  -1.370483e+01  -7.338283e+00  -1.475290e+01
5.707110e+00  -1.362379e+01  -1.420925e+01  -1.634351e+01
5.710427e+00  -1.379302e+01  -7.345269e+00  -1.513077e+01
5.713733e+00  -1.441102e+01  -1.556357e+01  -1.603405e+01
5.717028e+00  -1.388974e+01  -7.352157e+00  -1.475290e+01
5.720312e+00  -1.379302e+01  -1.634351e+01  -1.603405e+01
5.723585e+00  -1.388974e+01  -7.358204e+00  -1.556357e+01
5.726848e+00  -1.513077e+01  -1.502834e+01  -1.513077e+01
5.730100e+00  -1.354883e+01  -7.365778e+00  -1.556357e+01
5.733341e+00  -1.354883e+01  -1.805086e+01  -1.634351e+01
5.736572e+00  -1.459860e+01  -7.370860e+00  -1.502834e+01
5.739793e+00  -1.425312e+01  -1.540976e+01  -1.513077e+01
5.743003e+00  -1.411679e+01  -7.378983e+00  -1.482970e+01
5.746203e+00  -1.411679e+01  -1.805086e+01  -1.482970e+01
5.749393e+00  -1.411679e+01  -7.385044e+00  -1.603405e+01
5.752573e+00  -1.324053e+01  -1.475290e+01  -1.805086e+01
5.755742e+00  -1.399684e+01  -7.390377e+00  -1.540976e+01
5.758902e+00  -1.399684e+01  -1.556357e+01  -1.540976e+01
5.762051e+00  -1.441102e+01  -7.396200e+00  -1.540976e+01
5.765191e+00  -1.425312e+01  -1.513077e+01  -1.459860e+01
5.768321e+00  -1.379302e+01  -7.402520e+00  -1.502834e+01
5.771441e+00  -1.425312e+01  -1.540976e+01  -1.502834e+01
5.774552e+00  -1.459860e+01  -7.409037e+00  -1.556357e+01
5.777652e+00  -1.425312e+01  -1.603405e+01  -1.634351e+01
5.780744e+00  -1.362379e+01  -7.414970e+00  -1.805086e+01
5.783825e+00  -1.411679e+01  -1.805086e+01  -1.603405e+01
5.786897e+00  -1.513077e+01  -7.423462e+00  -1.441102e+01
5.789960e+00  -1.411679e+01  -1.502834e+01  -1.603405e+01
5.793014e+00  -1.362379e+01  -7.428687e+00  -1.603405e+01
5.796058e+00  -1.379302e+01  -1.502834e+01  -1.502834e+01
5.799093e+00  -1.441102e+01  -7.434418e+00  -1.513077e+01
5.802118e+00  -1.379302e+01  -1.435983e+01  -1.634351e+01
5.805135e+00  -1.441102e+01  -7.440986e+00  -1.435983e+01
5.808142e+00  -1.362379e+01  -1.540976e+01  -1.441102e+01
5.811141e+00  -1.482970e+01  -7.446788e+00  -1.513077e+01
5.814131e+00  -1.459860e+01  -1.540976e+01  -1.420925e+01
5.817111e+00  -1.362379e+01  -7.452625e+00  -1.556357e+01
5.820083e+00  -1.354883e+01  -1.513077e+01  -1.513077e+01
5.823046e+00  -1.379302e+01  -7.458169e+00  -1.603405e+01
5.826000e+00  -1.441102e+01  -1.556357e+01  -1.540976e+01
5.828946e+00  -1.441102e+01  -7.465553e+00  -1.482970e+01
5.831882e+00  -1.556357e+01  -1.513077e+01  -1.805086e+01
5.834811e+00  -1.399684e+01  -7.469514e+00  -1.475290e+01
5.837730e+00  -1.388974e+01  -1.475290e+01  -1.603405e+01
5.840642e+00  -1.441102e+01  -7.476151e+00  -1.482970e+01
5.843544e+00  -1.634351e+01  -1.634351e+01  -1.805086e+01
5.846439e+00  -1.370483e+01  -7.483335e+00  -1.556357e+01
5.849325e+00  -1.425312e+01  -1.603405e+01  -1.482970e+01
5.852202e+00  -1.411679e+01  -7.486526e+00  -1.805086e+01
5.855072e+00  -1.425312e+01  -1.407841e+01  -1.603405e+01
5.857933e+00  -1.388974e+01  -7.493615e+00  -1.513077e+01
5.860786e+00  -1.482970e+01  -1.513077e+01  -1.475290e+01
5.863631e+00  -1.556357e+01  -7.498710e+00  -1.540976e+01
5.866468e+00  -1.459860e+01  -1.805086e+01  -1.540976e+01
5.869297e+00  -1.370483e+01  -7.504859e+00  -1.634351e+01
5.872118e+00  -1.441102e+01  -1.540976e+01  -1.475290e+01
5.874931e+00  -1.634351e+01  -7.510528e+00  -1.603405e+01
5.877736e+00  -1.425312e+01  -1.420925e+01  -1.502834e+01
5.880533e+00  -1.411679e+01  -7.515883e+00  -1.502834e+01
5.883322e+00  -1.388974e+01  -1.513077e+01  -1.634351e+01
5.886104e+00  -1.411679e+01  -7.521268e+00  -1.540976e+01
5.888878e+00  -1.459860e+01  -1.459860e+01  -1.634351e+01
5.891644e+00  -1.634351e+01  -7.527732e+00  -1.482970e+01
5.894403e+00  -1.441102e+01  -1.603405e+01  -1.502834e+01
5.897154e+00  -1.399684e+01  -7.533004e+00  -1.540976e+01
5.899897e+00  -1.362379e+01  -1.603405e+01  -1.420925e+01
5.902633e+00  -1.411679e+01  -7.538482e+00  -1.805086e+01
5.905362e+00  -1.459860e+01  -1.411679e+01  -1.502834e+01
5.908083e+00  -1.411679e+01  -7.544167e+00  -1.459860e+01
5.910797e+00  -1.425312e+01  -1.453718e+01  -1.540976e+01
5.913503e+00  -1.634351e+01  -7.548453e+00  -1.435983e+01
5.916202e+00  -1.459860e+01  -1.556357e+01  -1.379302e+01
5.918894e+00  -1.411679e+01  -7.554016e+00  -1.420925e+01
5.921578e+00  -1.634351e+01  -1.441102e+01  -1.441102e+01
5.924256e+00  -1.379302e+01  -7.560153e+00  -1.459860e+01
5.926926e+00  -1.513077e+01  -1.435983e+01  -1.540976e+01
5.929589e+00  -1.805086e+01  -7.565964e+00  -1.388974e+01
5.932245e+00  -1.441102e+01  -1.399684e+01  -1.603405e+01
5.934894e+00  -1.425312e+01  -7.570710e+00  -1.407841e+01
5.937536e+00  -1.603405e+01  -1.805086e+01  -1.805086e+01
5.940171e+00  -1.482970e+01  -7.576030e+00  -1.634351e+01
5.942799e+00  -1.556357e+01  -1.453718e+01  -1.370483e+01
5.945421e+00  -1.388974e+01  -7.581749e+00  -1.513077e+01
5.948035e+00  -1.441102e+01  -1.603405e+01  -1.603405e+01
5.950643e+00  -1.441102e+01  -7.588245e+00  -1.634351e+01
5.953243e+00  -1.425312e+01  -1.475290e+01  -1.556357e+01
5.955837e+00  -1.441102e+01  -7.591416e+00  -1.459860e+01
5.958425e+00  -1.459860e+01  -1.556357e+01  -1.482970e+01
5.961005e+00  -1.441102e+01  -7.596660e+00  -1.540976e+01
5.963579e+00  -1.411679e+01  -1.502834e+01  -1.482970e+01
5.966147e+00  -1.513077e+01  -7.602688e+00  -1.556357e+01
5.968708e+00  -1.634351e+01  -1.435983e+01  -1.459860e+01
5.971262e+00  -1.425312e+01  -7.607422e+00  -1.411679e+01
5.973810e+00  -1.513077e+01  -1.475290e+01  -1.459860e+01
5.976351e+00  -1.441102e+01  -7.612179e+00  -1.513077e+01
5.978886e+00  -1.379302e+01  -1.459860e+01  -1.513077e+01
5.981414e+00  -1.411679e+01  -7.618109e+00  -1.482970e+01
5.983936e+00  -1.513077e+01  -1.634351e+01  -1.603405e+01
5.986452e+00  -1.441102e+01  -7.624460e+00  -1.482970e+01
5.988961e+00  -1.556357e+01  -1.502834e+01  -1.482970e+01
5.991465e+00  -1.634351e+01  -7.626780e+00  -1.634351e+01
5.993961e+00  -1.475290e+01  -1.420925e+01  -1.540976e+01
5.996452e+00  -1.362379e+01  -7.632603e+00  -1.475290e+01
5.998937e+00  -1.459860e+01  -1.540976e+01  -1.634351e+01
6.001415e+00  -1.634351e+01  -7.637872e+00  -1.603405e+01
6.003887e+00  -1.425312e+01  -1.805086e+01  -1.420925e+01
6.006353e+00  -1.425312e+01  -7.642580e+00  -1.556357e+01
6.008813e+00  -1.482970e+01  -1.556357e+01  -1.634351e+01
6.011267e+00  -1.513077e+01  -7.647507e+00  -1.475290e+01
6.013715e+00  -1.379302e+01  -1.502834e+01  -1.634351e+01
6.016157e+00  -1.459860e+01  -7.651665e+00  -1.459860e+01
6.018593e+00  -1.441102e+01  -1.482970e+01  -1.805086e+01
6.021023e+00  -1.634351e+01  -7.656638e+00  -1.420925e+01
6.023448e+00  -1.556357e+01  -1.459860e+01  -1.502834e+01
6.025866e+00  -1.425312e+01  -7.663440e+00  -1.502834e+01
6.028279e+00  -1.441102e+01  -1.634351e+01  -1.420925e+01
6.030685e+00  -1.388974e+01  -7.666255e+00  -1.420925e+01
6.033086e+00  -1.482970e+01  -1.475290e+01  -1.540976e+01
6.035481e+00  -1.634351e+01  -7.672718e+00  -1.540976e+01
6.037871e+00  -1.482970e+01  -1.475290e+01  -1.482970e+01
6.040255e+00  -1.556357e+01  -7.676169e+00  -1.482970e+01
6.042633e+00  -1.603405e+01  -1.513077e+01  -1.502834e+01
6.045005e+00  -1.556357e+01  -7.681265e+00  -1.502834e+01
6.047372e+00  -1.805086e+01  -1.420925e+01  -1.482970e+01
6.049733e+00  -1.513077e+01  -7.687004e+00  -1.453718e+01
6.052089e+00  -1.603405e+01  -1.459860e+01  -1.805086e+01
6.054439e+00  -1.441102e+01  -7.689679e+00  -1.805086e+01
6.056784e+00  -1.482970e+01  -1.482970e+01  -1.482970e+01
6.059123e+00  -1.399684e+01  -7.694638e+00  -1.435983e+01
6.061457e+00  -1.556357e+01  -1.425312e+01  -1.634351e+01
6.063785e+00  -1.425312e+01  -7.700246e+00  -1.435983e+01
6.066108e+00  -1.634351e+01  -1.475290e+01  -1.475290e+01
6.068426e+00  -1.425312e+01  -7.704002e+00  -1.513077e+01
6.070738e+00  -1.556357e+01  -1.603405e+01  -1.475290e+01
6.073045e+00  -1.441102e+01  -7.707772e+00  -1.513077e+01
6.075346e+00  -1.411679e+01  -1.459860e+01  -1.540976e+01
6.077642e+00  -1.379302e+01  -7.713243e+00  -1.603405e+01
6.079933e+00  -1.805086e+01  -1.805086e+01  -1.425312e+01
6.082219e+00  -1.453718e+01  -7.718957e+00  -1.540976e+01
6.084499e+00  -1.634351e+01  -1.333465e+01  -1.453718e+01
6.086775e+00  -1.347909e+01  -7.723210e+00  -1.482970e+01
6.089045e+00  -1.482970e+01  -1.805086e+01  -1.441102e+01
6.091310e+00  -1.482970e+01  -7.729410e+00  -1.475290e+01
6.093570e+00  -1.805086e+01  -1.453718e+01  -1.453718e+01
6.095825e+00  -1.379302e+01  -7.733277e+00  -1.475290e+01
6.098074e+00  -1.441102e+01  -1.634351e+01  -1.805086e+01
6.100319e+00  -1.482970e+01  -7.737376e+00  -1.540976e+01
6.102559e+00  -1.441102e+01  -1.540976e+01  -1.603405e+01
6.104793e+00  -1.399684e+01  -7.742795e+00  -1.603405e+01
6.107023e+00  -1.411679e+01  -1.453718e+01  -1.540976e+01
6.109248e+00  -1.603405e+01  -7.746715e+00  -1.502834e+01
6.111467e+00  -1.411679e+01  -1.540976e+01  -1.556357e+01
6.113682e+00  -1.513077e+01  -7.750650e+00  -1.502834e+01
6.115892e+00  -1.513077e+01  -1.603405e+01  -1.407841e+01
6.118097e+00  -1.603405e+01  -7.755481e+00  -1.603405e+01
6.120297e+00  -1.513077e+01  -1.513077e+01  -1.513077e+01
6.122493e+00  -1.513077e+01  -7.759229e+00  -1.603405e+01
6.124683e+00  -1.441102e+01  -1.513077e+01  -1.634351e+01
6.126869e+00  -1.441102e+01  -7.764546e+00  -1.420925e+01
6.129050e+00  -1.482970e+01  -1.453718e+01  -1.603405e+01
6.131226e+00  -1.556357e+01  -7.768106e+00  -1.435983e+01
6.133398e+00  -1.399684e+01  -1.513077e+01  -1.475290e+01
6.135565e+00  -1.513077e+01  -7.772798e+00  -1.805086e+01
6.137727e+00  -1.634351e+01  -1.634351e+01  -1.459860e+01
6.139885e+00  -1.441102e+01  -7.777063e+00  -1.556357e+01
6.142037e+00  -1.441102e+01  -1.634351e+01  -1.459860e+01
6.144186e+00  -1.513077e+01  -7.781119e+00  -1.407841e+01
6.146329e+00  -1.513077e+01  -1.441102e+01  -1.459860e+01
6.148468e+00  -1.634351e+01  -7.786327e+00  -1.540976e+01
6.150603e+00  -1.425312e+01  -1.482970e+01  -1.482970e+01
6.152733e+00  -1.513077e+01  -7.788599e+00  -1.425312e+01
6.154858e+00  -1.459860e+01  -1.360017e+01  -1.441102e+01
6.156979e+00  -1.411679e+01  -7.792018e+00  -1.603405e+01
6.159095e+00  -1.459860e+01  -1.805086e+01  -1.513077e+01
6.161207e+00  -1.459860e+01  -7.796824e+00  -1.441102e+01
6.163315e+00  -1.634351e+01  -1.540976e+01  -1.502834e+01
6.165418e+00  -1.556357e+01  -7.802806e+00  -1.805086e+01
6.167516e+00  -1.502834e+01  -1.475290e+01  -1.556357e+01
6.169611e+00  -1.513077e+01  -7.804654e+00  -1.513077e+01
6.171701e+00  -1.556357e+01  -1.502834e+01  -1.420925e+01
6.173786e+00  -1.459860e+01  -7.809521e+00  -1.399684e+01
6.175867e+00  -1.513077e+01  -1.556357e+01  -1.603405e+01
6.177944e+00  -1.425312e+01  -7.814879e+00  -1.556357e+01
6.180017e+00  -1.482970e+01  -1.540976e+01  -1.475290e+01
6.182085e+00  -1.556357e+01  -7.820031e+00  -1.453718e+01
6.184149e+00  -1.425312e+01  -1.482970e+01  -1.407841e+01
6.186209e+00  -1.425312e+01  -7.824738e+00  -1.441102e+01
6.188264e+00  -1.805086e+01  -1.360017e+01  -1.805086e+01
6.190315e+00  -1.459860e+01  -7.825446e+00  -1.407841e+01
6.192362e+00  -1.482970e+01  -1.475290e+01  -1.556357e+01
6.194405e+00  -1.441102e+01  -7.831840e+00  -1.805086e+01
6.196444e+00  -1.475290e+01  -1.376510e+01  -1.540976e+01
6.198479e+00  -1.370483e+01  -7.833505e+00  -1.603405e+01
6.200509e+00  -1.556357e+01  -1.634351e+01  -1.540976e+01
6.202536e+00  -1.399684e+01  -7.839711e+00  -1.556357e+01
6.204558e+00  -1.459860e+01  -1.540976e+01  -1.603405e+01
6.206576e+00  -1.482970e+01  -7.844512e+00  -1.634351e+01
6.208590e+00  -1.805086e+01  -1.502834e+01  -1.441102e+01
6.210600e+00  -1.425312e+01  -7.847886e+00  -1.453718e+01
6.212606e+00  -1.634351e+01  -1.453718e+01  -1.513077e+01
6.214608e+00  -1.540976e+01  -7.853211e+00  -1.805086e+01
6.216606e+00  -1.388974e+01  -1.459860e+01  -1.475290e+01
