# omega0=1, alpha=0
# theta0=0.8, theta_dot0=0
# t_start=0, t_end=300, h=0.00911928
#   t          x(t)                 v(t)       
0  8.000000000000000e-01  0.000000000000000e+00
9.119282013323059e-02 7.970186273702200e-01 -6.535451447993854e-02
1.823856402664613e-01 7.880918277575897e-01 -1.303288186565224e-01
2.735784603996920e-01 7.732717694065420e-01 -1.945380575874005e-01
3.647712805329227e-01 7.526460911867749e-01 -2.575885158439395e-01
4.559641006661534e-01 7.263388721601061e-01 -3.190742497542644e-01
5.471569207993838e-01 6.945118543583800e-01 -3.785749655837707e-01
6.383497409326140e-01 6.573657883754819e-01 -4.356555036128136e-01
7.295425610658441e-01 6.151417410932113e-01 -4.898672281645911e-01
8.207353811990743e-01 5.681221812525847e-01 -5.407515363604511e-01
9.119282013323045e-01 5.166316443229186e-01 -5.878455803027693e-01
1.003121021465535e+00 4.610367760404673e-01 -6.306901488254049e-01
1.094313841598765e+00 4.017455666517458e-01 -6.688394816246893e-01
1.185506661731995e+00 3.392056170598711e-01 -7.018726026128268e-01
1.276699481865225e+00 2.739013240928580e-01 -7.294055791286407e-01
1.367892301998455e+00 2.063499334389062e-01 -7.511039622569117e-01
1.459085122131685e+00 1.370964816759381e-01 -7.666945654209700e-01
1.550277942264916e+00 6.670772738244743e-02 -7.759757150332108e-01
1.641470762398146e+00 -4.234751950732293e-03 -7.788251717887907e-01
1.732663582531376e+00 -7.514205379416199e-02 -7.752050756491764e-01
1.823856402664606e+00 -1.454257428829945e-01 -7.651634991648861e-01
1.915049222797836e+00 -2.145056243577631e-01 -7.488324769100401e-01
2.006242042931067e+00 -2.818171817814107e-01 -7.264226786325267e-01
2.097434863064297e+00 -3.468183923621754e-01 -6.982151724013692e-01
2.188627683197527e+00 -4.089956831293631e-01 -6.645509475503265e-01
2.279820503330757e+00 -4.678688601267916e-01 -6.258190113654245e-01
2.371013323463987e+00 -5.229949200668573e-01 -5.824439274079894e-01
2.462206143597217e+00 -5.739707321401772e-01 -5.348736301700513e-01
2.553398963730448e+00 -6.204346494497960e-01 -4.835682450870523e-01
2.644591783863678e+00 -6.620671691927655e-01 -4.289904868168587e-01
2.735784603996908e+00 -6.985908047625623e-01 -3.715980266561474e-01
2.826977424130138e+00 -7.297693600899897e-01 -3.118380346497379e-01
2.918170244263368e+00 -7.554068073318493e-01 -2.501439310678769e-01
3.009363064396598e+00 -7.753459653392597e-01 -1.869342368197082e-01
3.100555884529828e+00 -7.894671608146244e-01 -1.226132980405223e-01
3.191748704663059e+00 -7.976870295280335e-01 -5.757357631294224e-02
3.282941524796289e+00 -7.999575840451114e-01 7.800860998784171e-03
3.374134344929519e+00 -7.962656393199105e-01 7.313005146741092e-02
3.465327165062749e+00 -7.866326499175862e-01 1.380334703634102e-01
3.556519985195979e+00 -7.711149737868617e-01 2.021254147244626e-01
3.647712805329209e+00 -7.498045383368643e-01 2.650108669184268e-01
3.738905625462440e+00 -7.228298459347920e-01 3.262822551402018e-01
3.830098445595670e+00 -6.903572188187854e-01 3.855175051383906e-01
3.921291265728900e+00 -6.525921491462824e-01 4.422797372570109e-01
4.012484085862130e+00 -6.097805902825743e-01 4.961188999670365e-01
4.103676905995361e+00 -5.622100027944260e-01 5.465755402374153e-01
4.194869726128591e+00 -5.102099556588192e-01 5.931867892742102e-01
4.286062546261821e+00 -4.541520827502540e-01 6.354944902230347e-01
4.377255366395051e+00 -3.944492092307845e-01 6.730552188288749e-01
4.468448186528281e+00 -3.315534936549087e-01 7.054517616844025e-01
4.559641006661511e+00 -2.659534795702605e-01 7.323054386536615e-01
4.650833826794742e+00 -1.981700133400551e-01 7.532885097599578e-01
4.742026646927972e+00 -1.287510588194629e-01 7.681358166358825e-01
4.833219467061202e+00 -5.826551827787319e-02 7.766547952646672e-01
4.924412287194432e+00 1.270375507227471e-02 7.787330724229037e-01
5.015605107327662e+00 8.356750262042653e-02 7.743430228297598e-01
5.106797927460892e+00 1.537378672753722e-01 7.635429033267020e-01
5.197990747594122e+00 2.226361429189115e-01 7.464744674780341e-01
5.289183567727353e+00 2.897001524479988e-01 7.233572632670163e-01
5.380376387860583e+00 3.543909717527174e-01 6.944800903038534e-01
5.471569207993813e+00 4.161987707799630e-01 6.601903080455287e-01
5.562762028127043e+00 4.746476126612465e-01 6.208818202087014e-01
5.653954848260273e+00 5.292991297889776e-01 5.769826036905076e-01
5.745147668393503e+00 5.797550735642109e-01 5.289426075163031e-01
5.836340488526734e+00 6.256588051239282e-01 4.772227343953224e-01
5.927533308659964e+00 6.666958522879234e-01 4.222854569709830e-01
6.018726128793194e+00 7.025937000279441e-01 3.645874373092697e-01
6.109918948926424e+00 7.331210068954135e-01 3.045743337622428e-01
6.201111769059654e+00 7.580864487914616e-01 2.426778110707746e-01
6.292304589192884e+00 7.773373862267214e-01 1.793146279869602e-01
6.383497409326115e+00 7.907585344725050e-01 1.148875661072416e-01
6.474690229459345e+00 7.982707905744901e-01 4.978788327258373e-02
6.565883049592575e+00 7.998303396771725e-01 -1.560107924284622e-02
6.657075869725805e+00 7.954281276331335e-01 -8.089954001592249e-02
6.748268689859035e+00 7.850897490753045e-01 -1.457265937497932e-01
6.839461509992265e+00 7.688757612021383e-01 -2.096956301516363e-01
6.930654330125495e+00 7.468823943778367e-01 -2.724102828561480e-01
7.021847150258726e+00 7.192425921354771e-01 -3.334613238029757e-01
7.113039970391956e+00 6.861272763100013e-01 -3.924248935712720e-01
7.204232790525186e+00 6.477466992042036e-01 -4.488624155589335e-01
7.295425610658416e+00 6.043517157761069e-01 -5.023224759036430e-01
7.386618430791646e+00 5.562347872034512e-01 -5.523448566223496e-01
7.477811250924876e+00 5.037305155712913e-01 -5.984667838915207e-01
7.569004071058107e+00 4.472155106522242e-01 -6.402312981742104e-01
7.660196891191337e+00 3.871074062306394e-01 -6.771974752086742e-01
7.751389711324567e+00 3.238628766378538e-01 -7.089520403918208e-01
7.842582531457797e+00 2.579745540566920e-01 -7.351217435464814e-01
7.933775351591027e+00 1.899668116607668e-01 -7.553857202009810e-01
8.024968171724257e+00 1.203904524964321e-01 -7.694869835146972e-01
8.116160991857488e+00 4.981642286529060e-02 -7.772421878044309e-01
8.207353811990718e+00 -2.117125594831068e-02 -7.785488911876765e-01
8.298546632123948e+00 -9.198308064547478e-02 -7.733897193843932e-01
8.389739452257178e+00 -1.620318828784446e-01 -7.618330793652617e-01
8.480932272390408e+00 -2.307405505213697e-01 -7.440303620308802e-01
8.572125092523638e+00 -2.975493416914815e-01 -7.202098712987764e-01
8.663317912656868e+00 -3.619225142089059e-01 -6.906679853025768e-01
8.754510732790099e+00 -4.233540492774738e-01 -6.557582617303094e-01
8.845703552923329e+00 -4.813723193936369e-01 -6.158793224124504e-01
8.936896373056559e+00 -5.355436288071298e-01 -5.714623846625542e-01
9.028089193189789e+00 -5.854746321790862e-01 -5.229592547062226e-01
9.119282013323019e+00 -6.308137064022183e-01 -4.708314786570363e-01
9.210474833456249e+00 -6.712514067121474e-01 -4.155411819790775e-01
9.301667653589480e+00 -7.065201782788604e-01 -3.575439436458965e-01
9.392860473722710e+00 -7.363935176016392e-01 -2.972838679516157e-01
9.484053293855940e+00 -7.606847851631796e-01 -2.351908514143546e-01
9.575246113989170e+00 -7.792458640420964e-01 -1.716799042113606e-01
9.666438934122400e+00 -7.919658412548544e-01 -1.071522787244345e-01
9.757631754255630e+00 -7.987698623125120e-01 -4.199808082244980e-02
9.848824574388860e+00 -7.996182773812111e-01 2.340001186182819e-02
9.940017394522091e+00 -7.945061616084188e-01 8.866233180259435e-02
1.003121021465532e+01 -7.834632541907867e-01 1.534075274903393e-01
1.012240303478855e+01 -7.665543217603812e-01 2.172480232073476e-01
1.021359585492178e+01 -7.438799125478118e-01 2.797860592336369e-01
1.030478867505501e+01 -7.155774294045668e-01 3.406107256785486e-01
1.039598149518824e+01 -6.818224131866963e-01 3.992963763976224e-01
1.048717431532147e+01 -6.428298946550496e-01 4.554027643515721e-01
1.057836713545470e+01 -5.988556448672135e-01 5.084771706198110e-01
1.066955995558793e+01 -5.501971334501679e-01 5.580587012244994e-01
1.076075277572116e+01 -4.971939939185103e-01 6.036847966525423e-01
1.085194559585439e+01 -4.402277981319400e-01 6.448998405650669e-01
1.094313841598762e+01 -3.797209604103767e-01 6.812655745974462e-01
1.103433123612085e+01 -3.161346270678345e-01 7.123728398359163e-01
1.112552405625408e+01 -2.499654589117069e-01 7.378539928543941e-01
1.121671687638731e+01 -1.817412802614687e-01 7.573952091216276e-01
1.130790969652054e+01 -1.120156437292899e-01 7.707478130796219e-01
1.139910251665377e+01 -4.136143883340845e-02 7.777377813651207e-01
1.149029533678700e+01 2.963625339873631e-02 7.782726630640763e-01
1.158148815692023e+01 1.003877965165829e-01 7.723453451177439e-01
1.167268097705346e+01 1.703068210820324e-01 7.600343445654459e-01
1.176387379718669e+01 2.388179132959317e-01 7.415006027137395e-01
1.185506661731992e+01 3.053638610289275e-01 7.169810528797370e-01
1.194625943745315e+01 3.694121855994724e-01 6.867794958060918e-01
1.203745225758638e+01 4.304607459305438e-01 6.512555141013394e-01
1.212864507771961e+01 4.880422742217569e-01 6.108122694396553e-01
1.221983789785284e+01 5.417277808843382e-01 5.658840479956320e-01
1.231103071798607e+01 5.911288431913422e-01 5.169243582963857e-01
1.240222353811930e+01 6.358988600745649e-01 4.643952591909806e-01
1.249341635825254e+01 6.757334098547078e-01 4.087584274457404e-01
1.258460917838577e+01 7.103698857373492e-01 3.504682888692985e-01
1.267580199851900e+01 7.395866050561417e-01 2.899673550017743e-01
1.276699481865223e+01 7.632015935927416e-01 2.276837447829465e-01
1.285818763878546e+01 7.810712380654646e-01 1.640307362462947e-01
1.294938045891869e+01 7.930889808086157e-01 9.940809013399526e-02
1.304057327905192e+01 7.991842035600832e-01 3.420481369536729e-02
1.313176609918515e+01 7.993214146343688e-01 -3.119701575468803e-02
1.322295891931838e+01 7.934998176008259e-01 -9.641777733323878e-02
1.331415173945161e+01 7.817533014265486e-01 -1.610756082553480e-01
1.340534455958484e+01 7.641508529858579e-01 -2.247819105845778e-01
1.349653737971807e+01 7.407973537616118e-01 -2.871374886124360e-01
1.358773019985130e+01 7.118346843401872e-01 -3.477297276610053e-01
1.367892301998453e+01 6.774430240228402e-01 -4.061311964645057e-01
1.377011584011776e+01 6.378422000335883e-01 -4.619000076130979e-01
1.386130866025099e+01 5.932929133930858e-01 -5.145821981725777e-01
1.395250148038422e+01 5.440976490280957e-01 -5.637162908662544e-01
1.404369430051745e+01 4.906010688878099e-01 -6.088400632503492e-01
1.413488712065068e+01 4.331896915064273e-01 -6.494993908467984e-01
1.422607994078391e+01 3.722906818383831e-01 -6.852588489220207e-01
1.431727276091714e+01 3.083696124592875e-01 -7.157135717395251e-01
1.440846558105037e+01 2.419271108722174e-01 -7.405016985996017e-01
1.449965840118360e+01 1.734943751021902e-01 -7.593166070389666e-01
1.459085122131683e+01 1.036276162021242e-01 -7.719180688171957e-01
1.468204404145006e+01 3.290156498703477e-02 -7.781414819776030e-01
1.477323686158329e+01 -3.809774671883413e-02 -7.779044404976940e-01
1.486442968171652e+01 -1.087806609282715e-01 -7.712100967253787e-01
1.495562250184975e+01 -1.785617168115441e-01 -7.581470318582364e-01
1.504681532198298e+01 -2.468673022569907e-01 -7.388856455063868e-01
1.513800814211621e+01 -3.131428280234406e-01 -7.136713697650992e-01
1.522920096224944e+01 -3.768591587854770e-01 -6.828152693469877e-01
1.532039378238267e+01 -4.375180957558464e-01 -6.466827772304966e-01
1.541158660251590e+01 -4.946567792379447e-01 -6.056814168772402e-01
1.550277942264913e+01 -5.478509582511211e-01 -5.602483732736024e-01
1.559397224278236e+01 -5.967171503614580e-01 -5.108387048918470e-01
1.568516506291559e+01 -6.409137814199356e-01 -4.579148559181685e-01
1.577635788304882e+01 -6.801414474175916e-01 -4.019379565814967e-01
1.586755070318205e+01 -7.141424766915362e-01 -3.433612132408558e-01
1.595874352331528e+01 -7.426999898953154e-01 -2.826255096259272e-01
1.604993634344851e+01 -7.656366587431219e-01 -2.201571810293038e-01
1.614112916358174e+01 -7.828133548585615e-01 -1.563677925542086e-01
1.623232198371497e+01 -7.941278598869734e-01 -9.165565305237805e-02
1.632351480384820e+01 -7.995137801429457e-01 -2.640872600627566e-02
1.641470762398143e+01 -7.989397759090389e-01 3.899144747472748e-02
1.650590044411466e+01 -7.924091790352662e-01 1.041652258356852e-01
1.659709326424789e+01 -7.799600341698586e-01 1.687301706226053e-01
1.668828608438112e+01 -7.616655598481924e-01 2.322966062710474e-01
1.677947890451435e+01 -7.376349866436758e-01 2.944638605166180e-01
1.687067172464758e+01 -7.080146915291471e-01 3.548175936251191e-01
1.696186454478081e+01 -6.729895116403252e-01 4.129285940242206e-01
1.705305736491404e+01 -6.327840883230359e-01 4.683533675941317e-01
1.714425018504727e+01 -5.876640657401238e-01 5.206367722113899e-01
1.723544300518050e+01 -5.379369499404147e-01 5.693168437129112e-01
1.732663582531373e+01 -4.839524269594698e-01 6.139318228429489e-01
1.741782864544696e+01 -4.261019449620467e-01 6.540292283317123e-01
1.750902146558019e+01 -3.648173878026912e-01 6.891766385075579e-01
1.760021428571342e+01 -3.005687066648480e-01 7.189736587408115e-01
1.769140710584665e+01 -2.338604319099708e-01 7.430643860396327e-01
1.778259992597988e+01 -1.652270560785731e-01 7.611495596527206e-01
1.787379274611311e+01 -9.522735608086517e-02 7.729975308154016e-01
1.796498556624634e+01 -2.443780105843230e-02 7.784532130464201e-01
1.805617838637957e+01 4.655473586903928e-02 7.774442933677381e-01
1.814737120651280e+01 1.171606868053769e-01 7.699841876789876e-01
1.823856402664603e+01 1.867956086971064e-01 7.561714896319088e-01
1.832975684677927e+01 2.548877934516505e-01 7.361859599759645e-01
1.842094966691250e+01 3.208853664087910e-01 7.102813950272000e-01
1.851214248704573e+01 3.842626137178803e-01 6.787759622781635e-01
1.860333530717896e+01 4.445253415479498e-01 6.420407694643754e-01
1.869452812731219e+01 5.012151447724114e-01 6.004875241573013e-01
1.878572094744542e+01 5.539125416249667e-01 5.545561417504349e-01
1.887691376757865e+01 6.022390060033124e-01 5.047030809507737e-01
1.896810658771188e+01 6.458579941903865e-01 4.513910472191393e-01
1.905929940784511e+01 6.844751133889827e-01 3.950805301142617e-01
1.915049222797834e+01 7.178376134634354e-01 3.362234540435177e-01
1.924168504811157e+01 7.457334005111288e-01 2.752590434769456e-01
1.933287786824480e+01 7.679897727640004e-01 2.126118472246640e-01
1.942407068837803e+01 7.844720682402989e-01 1.486917393876627e-01
1.951526350851126e+01 7.950823923333172e-01 8.389561877302547e-02
1.960645632864449e+01 7.997585648884937e-01 1.861046136589155e-02
1.969764914877772e+01 7.984733926772429e-01 -4.678266311506641e-02
1.978884196891095e+01 7.912343364209675e-01 -1.119040251547856e-01
1.988003478904418e+01 7.780836030559557e-01 -1.763705469921153e-01
1.997122760917741e+01 7.590986547920873e-01 -2.397914214934023e-01
2.006242042931064e+01 7.343930875611866e-01 -3.017644614153063e-01
2.015361324944387e+01 7.041177935796195e-01 -3.618735844547196e-01
2.024480606957710e+01 6.684622871367514e-01 -4.196878068140038e-01
2.033599888971033e+01 6.276560409731172e-01 -4.747620649514857e-01
2.042719170984356e+01 5.819696548473519e-01 -5.266401061650432e-01
2.051838452997679e+01 5.317156606840875e-01 -5.748595795077672e-01
2.060957735011002e+01 4.772487628675514e-01 -6.189593183269240e-01
2.070077017024325e+01 4.189653204891384e-01 -6.584886384913202e-01
2.079196299037648e+01 3.573019027179965e-01 -6.930182923821340e-01
2.088315581050971e+01 2.927327897550687e-01 -7.221525346837910e-01
2.097434863064294e+01 2.257663490862326e-01 -7.455415939224384e-01
2.106554145077617e+01 1.569402868556772e-01 -7.628937280449355e-01
2.115673427090940e+01 8.681585183205134e-02 -7.739859958915197e-01
2.124792709104263e+01 1.597114751813579e-02 -7.786729153950200e-01
2.133911991117586e+01 -5.500622166430377e-02 -7.768923089457576e-01
2.143031273130909e+01 -1.255268894848131e-01 -7.686678481021416e-01
2.152150555144232e+01 -1.950075392405893e-01 -7.541080815353431e-01
2.161269837157555e+01 -2.628784681061073e-01 -7.334020290240163e-01
2.170389119170878e+01 -3.285906062109111e-01 -7.068117127661520e-01
2.179508401184201e+01 -3.916217375318036e-01 -6.746622394684184e-01
2.188627683197524e+01 -4.514817339459230e-01 -6.373302151254712e-01
2.197746965210847e+01 -5.077166894335544e-01 -5.952313542819949e-01
2.206866247224170e+01 -5.599119202272003e-01 -5.488081361130915e-01
2.215985529237493e+01 -6.076938709815510e-01 -4.985182725951443e-01
2.225104811250816e+01 -6.507310305935620e-01 -4.448246097977170e-01
2.234224093264139e+01 -6.887340100158096e-01 -3.881869062071862e-01
2.243343375277462e+01 -7.214549663763902e-01 -3.290557455511753e-01
2.252462657290785e+01 -7.486865730179262e-01 -2.678686651628894e-01
2.261581939304108e+01 -7.702607352618105e-01 -2.050484277129889e-01
2.270701221317431e+01 -7.860472392631893e-01 -1.410032408734563e-01
2.279820503330754e+01 -7.959524990663330e-01 -7.612863727067955e-02
2.288939785344077e+01 -7.999185376209137e-01 -1.081066299502612e-02
2.298059067357400e+01 -7.979223034162578e-01 5.457001819470707e-02
2.307178349370723e+01 -7.899753873670792e-01 1.196335216492407e-01
2.316297631384046e+01 -7.761241659921845e-01 1.839960675038445e-01
2.325416913397369e+01 -7.564503577676360e-01 2.472656646655243e-01
2.334536195410692e+01 -7.310719406573676e-01 3.090385747102983e-01
2.343655477424015e+01 -7.001443411534892e-01 3.688969580769402e-01
2.352774759437338e+01 -6.638617699123200e-01 4.264080701420975e-01
2.361894041450661e+01 -6.224585479166471e-01 4.811253188883730e-01
2.371013323463984e+01 -5.762102422077807e-01 5.325914134347163e-01
2.380132605477307e+01 -5.254344142313977e-01 5.803437198124075e-01
2.389251887490630e+01 -4.704907795577380e-01 6.239217966148149e-01
2.398371169503953e+01 -4.117805878134137e-01 6.628769132562153e-01
2.407490451517276e+01 -3.497450580293618e-01 6.967831685807697e-01
2.416609733530600e+01 -2.848627478949948e-01 7.252496449057495e-01
2.425729015543923e+01 -2.176457944037189e-01 7.479328747358809e-01
2.434848297557246e+01 -1.486350346996508e-01 7.645487888718560e-01
2.443967579570569e+01 -7.839409404025012e-02 7.748832777105759e-01
2.453086861583892e+01 -7.502605385325879e-03 7.788005473007306e-01
2.462206143597215e+01 6.345120596296359e-02 7.762485918441394e-01
2.471325425610538e+01 1.338782868959399e-01 7.672613246367349e-01
2.480444707623861e+01 2.031965549804578e-01 7.519571862736827e-01
2.489563989637184e+01 2.708384127692601e-01 7.305343486280881e-01
2.498683271650507e+01 3.362576838662342e-01 7.032629178175606e-01
2.507802553663830e+01 3.989357246374809e-01 6.704747739976662e-01
2.516921835677153e+01 4.583865314967085e-01 6.325518442153140e-01
2.526041117690476e+01 5.141607401453047e-01 5.899136735522941e-01
2.535160399703799e+01 5.658484917973013e-01 5.430051402496927e-01
2.544279681717122e+01 6.130812147069298e-01 4.922850654275923e-01
2.553398963730445e+01 6.555324312737516e-01 4.382163185512479e-01
2.562518245743768e+01 6.929177477754398e-01 3.812578403828454e-01
2.571637527757091e+01 7.249942137222116e-01 3.218588190038686e-01
2.580756809770414e+01 7.515592512194262e-01 2.604550802675692e-01
2.589876091783737e+01 7.724493532703940e-01 1.974676041692501e-01
2.598995373797060e+01 7.875387361907030e-01 1.333029590996782e-01
2.608114655810383e+01 7.967381080662410e-01 6.835535730742454e-02
2.617233937823706e+01 7.999936851575700e-01 3.009973839401887e-03
2.626353219837029e+01 7.972865536154781e-01 -6.235286754534110e-02
2.635472501850352e+01 7.886324365993879e-01 -1.273530600903969e-01
2.644591783863675e+01 7.740818881830073e-01 -1.916060599586190e-01
2.653711065876998e+01 7.537208962611743e-01 -2.547186413410954e-01
2.662830347890321e+01 7.276718378848821e-01 -3.162854807289048e-01
2.671949629903644e+01 6.960946929982920e-01 -3.758869695024243e-01
2.681068911916967e+01 6.591883876957481e-01 -4.330886169802181e-01
2.690188193930290e+01 6.171921075845422e-01 -4.874423473010636e-01
2.699307475943613e+01 5.703863978676263e-01 -5.384899075930195e-01
2.708426757956936e+01 5.190938520088489e-01 -5.857684882520364e-01
2.717546039970259e+01 4.636791881421403e-01 -6.288185089160340e-01
2.726665321983582e+01 4.045485243240803e-01 -6.671933513174676e-01
2.735784603996905e+01 3.421476921126235e-01 -7.004706344485953e-01
2.744903886010228e+01 2.769594732176333e-01 -7.282644465212418e-01
2.754023168023551e+01 2.094997046558540e-01 -7.502377949513269e-01
2.763142450036874e+01 1.403122703073633e-01 -7.661144345477766e-01
2.772261732050197e+01 6.996307522424713e-02 -7.756892068942270e-01
2.781381014063520e+01 -9.668239621154033e-04 -7.788360845194324e-01
2.790500296076843e+01 -7.188869185498400e-02 -7.755132639544444e-01
2.799619578090166e+01 -1.422138997394219e-01 -7.657648803002645e-01
2.808738860103489e+01 -2.113617066543548e-01 -7.497191973965762e-01
2.817858142116812e+01 -2.787667194534740e-01 -7.275834275781814e-01
2.826977424130135e+01 -3.438857423368329e-01 -6.996356154576254e-01
2.836096706143458e+01 -4.062037768078911e-01 -6.662142468520520e-01
2.845215988156781e+01 -4.652390007152709e-01 -6.277063921197866e-01
2.854335270170104e+01 -5.205466321815391e-01 -5.845352513008013e-01
2.863454552183427e+01 -5.717216626047286e-01 -5.371479390230860e-01
2.872573834196750e+01 -6.184005151296965e-01 -4.860042443544461e-01
2.881693116210073e+01 -6.602617452915645e-01 -4.315669464473058e-01
2.890812398223396e+01 -6.970259453465760e-01 -3.742940854537195e-01
2.899931680236719e+01 -7.284550417280731e-01 -3.146334025887388e-01
2.909050962250042e+01 -7.543511865759617e-01 -2.530189913760381e-01
2.918170244263365e+01 -7.745554412223064e-01 -1.898700556616344e-01
2.927289526276688e+01 -7.889464344755761e-01 -1.255915542055466e-01
2.936408808290011e+01 -7.974391543621847e-01 -6.057642654031773e-02
2.945528090303334e+01 -7.999840013066324e-01 4.790963315176790e-03
2.954647372316657e+01 -7.965661957844932e-01 7.013056519904420e-02
2.963766654329980e+01 -7.872055959781126e-01 1.350619835631534e-01
2.972885936343303e+01 -7.719569421558496e-01 1.991998497423096e-01
2.982005218356626e+01 -7.509105053266166e-01 2.621496541705337e-01
2.991124500369950e+01 -7.241930790392791e-01 3.235044567220957e-01
3.000243782383273e+01 -6.919692159786808e-01 3.828428708715537e-01
3.009363064396596e+01 -6.544425765691430e-01 4.397286780624474e-01
3.018482346409919e+01 -6.118572269192072e-01 4.937123669319601e-01
3.027601628423242e+01 -5.644987004233376e-01 5.443348025889739e-01
3.036720910436565e+01 -5.126946238733635e-01 5.911331107657065e-01
3.045840192449888e+01 -4.568147078510212e-01 6.336487110210941e-01
3.054959474463211e+01 -3.972699149986738e-01 6.714372584292708e-01
3.064078756476534e+01 -3.345106501714989e-01 7.040800669428537e-01
3.073198038489857e+01 -2.690238636943471e-01 7.311964087023751e-01
3.082317320503180e+01 -2.013290212734022e-01 7.524559352610706e-01
3.091436602516503e+01 -1.319729676340752e-01 7.675903734206493e-01
3.100555884529826e+01 -6.152378965209639e-02 7.764036311199624e-01
3.109675166543149e+01 9.436138977769303e-03 7.787795202999002e-01
3.118794448556472e+01 8.031768384948788e-02 7.746864643756612e-01
3.127913730569795e+01 1.505327516644949e-01 7.641787943341350e-01
3.137033012583118e+01 2.195020493593506e-01 7.473945230792609e-01
3.146152294596441e+01 2.866624857724609e-01 7.245497872083588e-01
3.155271576609764e+01 3.514739312223485e-01 6.959304211059384e-01
3.164390858623087e+01 4.134251032630813e-01 6.618813466192771e-01
3.173510140636410e+01 4.720384161415622e-01 6.227945993168931e-01
3.182629422649733e+01 5.268737091976196e-01 5.790968596288162e-01
3.191748704663056e+01 5.775308474583161e-01 5.312373180499527e-01
3.200867986676379e+01 6.236512587310896e-01 4.796765934150428e-01
3.209987268689702e+01 6.649185301023096e-01 4.248772644068911e-01
3.219106550703025e+01 7.010582295794410e-01 3.672963914589338e-01
3.228225832716348e+01 7.318371445232401e-01 3.073802214266544e-01
3.237345114729671e+01 7.570621381720385e-01 2.455610981049065e-01
3.246464396742994e+01 7.765788209208333e-01 1.822564587175438e-01
3.255583678756317e+01 7.902702167391277e-01 1.178696844739009e-01
3.264702960769640e+01 7.980555800208169e-01 5.279249163046500e-02
3.273822242782963e+01 7.998894868659744e-01 -1.259150572744677e-02
3.282941524796286e+01 7.957612894623998e-01 -7.790246427700630e-02
3.292060806809609e+01 7.856949845167824e-01 -1.427596333691271e-01
3.301180088822932e+01 7.697495077877682e-01 -2.067767597534417e-01
3.310299370836255e+01 7.480194276172485e-01 -2.695580028624291e-01
3.319418652849578e+01 7.206359717924372e-01 -3.306947768680625e-01
3.328537934862901e+01 6.877682851073668e-01 -3.897639115067743e-01
3.337657216876224e+01 6.496247809917756e-01 -4.463274819905811e-01
3.346776498889547e+01 6.064544213862246e-01 -4.999345935290703e-01
3.355895780902870e+01 5.585477370163643e-01 -5.501253129588273e-01
3.365015062916194e+01 5.062373880857440e-01 -5.964368158612839e-01
3.374134344929517e+01 4.498980659814269e-01 -6.384116635889353e-01
3.383253626942840e+01 3.899455523246064e-01 -6.756079477125745e-01
3.392372908956163e+01 3.268347841314293e-01 -7.076108529334488e-01
3.401492190969486e+01 2.610568230022349e-01 -7.340450129550739e-01
3.410611472982809e+01 1.931346901685660e-01 -7.545868908093234e-01
3.419730754996132e+01 1.236181037192540e-01 -7.689763299392470e-01
3.428850037009455e+01 5.307723315515463e-02 -7.770264152104960e-01
3.437969319022778e+01 -1.790433813693532e-02 -7.786308653878022e-01
3.447088601036101e+01 -8.873718806143988e-02 -7.737683493324649e-01
3.456207883049424e+01 -1.588338694445260e-01 -7.625033620431629e-01
3.465327165062747e+01 -2.276166427097640e-01 -7.449835858967349e-01
3.474446447076070e+01 -2.945248150762081e-01 -7.214339611237970e-01
3.483565729089393e+01 -3.590214068686685e-01 -6.921479600262791e-01
3.492685011102716e+01 -4.205989207511758e-01 -6.574767691844048e-01
3.501804293116039e+01 -4.787840603943196e-01 -6.178172110872039e-01
3.510923575129362e+01 -5.331413232590901e-01 -5.735992731478330e-01
3.520042857142685e+01 -5.832754697132951e-01 -5.252740634855614e-01
3.529162139156008e+01 -6.288329405130076e-01 -4.733028956173546e-01
3.538281421169331e+01 -6.695023515331291e-01 -4.181480411940966e-01
3.547400703182654e+01 -7.050142354652990e-01 -3.602655056071918e-01
3.556519985195977e+01 -7.351402241056738e-01 -3.000999975644111e-01
3.565639267209300e+01 -7.596918726842344e-01 -2.380820971373593e-01
3.574758549222623e+01 -7.785193215127285e-01 -1.746274873932544e-01
3.583877831235946e+01 -7.915099727515796e-01 -1.101380064262012e-01
3.592997113249269e+01 -7.985873341360590e-01 -4.500419835339241e-02
3.602116395262592e+01 -7.997101496233088e-01 2.039101058525031e-02
3.611235677275915e+01 -7.948719012283001e-01 8.566791687944168e-02
3.620354959289238e+01 -7.841007284021386e-01 1.504453489322111e-01
3.629474241302561e+01 -7.674597723328703e-01 2.143361103343578e-01
3.638593523315884e+01 -7.450479134179029e-01 2.769429841495858e-01
3.647712805329207e+01 -7.170008317259341e-01 3.378557122812805e-01
3.656832087342530e+01 -6.834922835754453e-01 3.966493379710690e-01
3.665951369355853e+01 -6.447354538226608e-01 4.528842553459340e-01
3.675070651369176e+01 -6.009842149842698e-01 5.061082420118220e-01
3.684189933382499e+01 -5.525341033255968e-01 5.558606540425969e-01
3.693309215395822e+01 -4.997228112813275e-01 6.016788348749752e-01
3.702428497409145e+01 -4.429299978426635e-01 6.431066324371059e-01
3.711547779422468e+01 -3.825762362173977e-01 6.797047399594078e-01
3.720667061435791e+01 -3.191209525301539e-01 7.110623895017129e-01
3.729786343449114e+01 -2.530592603885190e-01 7.368097533910076e-01
3.738905625462437e+01 -1.849176615765978e-01 7.566302714164787e-01
3.748024907475760e+01 -1.152486585106127e-01 7.702720448116614e-01
3.757144189489083e+01 -4.462440294119107e-02 7.775574412132316e-01
3.766263471502406e+01 2.637042012687903e-02 7.783901480193375e-01
3.775382753515729e+01 9.714621239739321e-02 7.727590920835732e-01
3.784502035529052e+01 1.671162831507856e-01 7.607388946264663e-01
3.793621317542375e+01 2.357045509924977e-01 7.424868225912770e-01
3.802740599555698e+01 3.023528165829178e-01 7.182364949235773e-01
3.811859881569021e+01 3.665273324733414e-01 6.882888670257086e-01
3.820979163582344e+01 4.277244536260789e-01 6.530012174264302e-01
3.830098445595667e+01 4.854752242217270e-01 6.127749772272200e-01
3.839217727608990e+01 5.393488348675871e-01 5.680432687256429e-01
3.848337009622313e+01 5.889549612760040e-01 5.192589618142758e-01
3.857456291635636e+01 6.339450639859285e-01 4.668839327799743e-01
3.866575573648959e+01 6.740127837589743e-01 4.113800433122355e-01
3.875694855662282e+01 7.088936061053956e-01 3.532021722258457e-01
3.884814137675605e+01 7.383639903085867e-01 2.927934499724134e-01
3.893933419688928e+01 7.622401643495159e-01 2.305826822627564e-01
3.903052701702251e+01 7.803767794617418e-01 1.669838133470975e-01
3.912171983715574e+01 7.926655994134340e-01 1.023971749198885e-01
3.921291265728897e+01 7.990343728200814e-01 3.721219171056217e-02
3.930410547742220e+01 7.994460043575902e-01 -2.818883489019632e-02
3.939529829755543e+01 7.938981047129999e-01 -9.342627397683530e-02
3.948649111768867e+01 7.824229610150585e-01 -1.581184677066816e-01
3.957768393782190e+01 7.650879304504727e-01 -2.218772192060784e-01
3.966887675795513e+01 7.419962206774844e-01 -2.843038917598059e-01
3.976006957808836e+01 7.132879823642874e-01 -3.449865310271756e-01
3.985126239822159e+01 6.791416027820606e-01 -4.034983941326480e-01
3.994245521835482e+01 6.397750563418928e-01 -4.593982228076295e-01
4.003364803848805e+01 5.954471402531908e-01 -5.122325266431914e-01
4.012484085862128e+01 5.464584035574211e-01 -5.615400422062415e-01
4.021603367875451e+01 4.931515684377965e-01 -6.068584022352508e-01
4.030722649888774e+01 4.359112466986101e-01 -6.477328888345816e-01
4.039841931902097e+01 3.751627739355981e-01 -6.837269639376339e-01
4.048961213915420e+01 3.113700204050482e-01 -7.144340842371173e-01
4.058080495928743e+01 2.450320905320048e-01 -7.394901369949128e-01
4.067199777942066e+01 1.766788898950133e-01 -7.585857017964253e-01
4.076319059955389e+01 1.068656146864724e-01 -7.714772751549737e-01
4.085438341968712e+01 3.616629740668696e-02 -7.779966084697191e-01
4.094557623982035e+01 -3.483338403695550e-02 -7.780574139045345e-01
4.103676905995358e+01 -1.055437667401878e-01 -7.716588828203272e-01
4.112796188008681e+01 -1.753790263243363e-01 -7.588857189999578e-01
4.121915470022004e+01 -2.437648433198095e-01 -7.399046838335915e-01
4.131034752035327e+01 -3.101456055079132e-01 -7.149579459195305e-01
4.140154034048650e+01 -3.739908781877177e-01 -6.843537861522756e-01
4.149273316061973e+01 -4.348009339218885e-01 -6.484554009158962e-01
4.158392598075296e+01 -4.921112065489824e-01 -6.076686517658795e-01
4.167511880088619e+01 -5.454956129840207e-01 -5.624296252372102e-01
4.176631162101942e+01 -5.945687626063577e-01 -5.131927996459231e-01
4.185750444115265e+01 -6.389871411551468e-01 -4.604204853805030e-01
4.194869726128588e+01 -6.784494092774851e-01 -4.045740349064198e-01
4.203989008141911e+01 -7.126959926793720e-01 -3.461071327160512e-01
4.213108290155234e+01 -7.415081607669960e-01 -2.854612945477496e-01
4.222227572168557e+01 -7.647067949339975e-01 -2.230635444207081e-01
4.231346854181880e+01 -7.821510385229496e-01 -1.593261059160407e-01
4.240466136195203e+01 -7.937370007379123e-01 -9.464784324797582e-02
4.249585418208526e+01 -7.993966591954929e-01 -2.941711604189756e-02
4.258704700221849e+01 -7.990970728416620e-01 3.598433534255301e-02
4.267823982235172e+01 -7.928399806118759e-01 1.011768853026565e-01
4.276943264248495e+01 -7.806618229524594e-01 1.657783250879765e-01
4.286062546261818e+01 -7.626341842339408e-01 2.293994014069739e-01
4.295181828275141e+01 -7.388646150417832e-01 2.916400163915058e-01
4.304301110288464e+01 -7.094977552080065e-01 3.520864981424695e-01
4.313420392301787e+01 -6.747166423633275e-01 4.103103212358938e-01
4.322539674315110e+01 -6.347440582706593e-01 4.658686072773644e-01
4.331658956328433e+01 -5.898437382801849e-01 5.183066612080780e-01
4.340778238341756e+01 -5.403212504333332e-01 5.671626950693329e-01
4.349897520355079e+01 -4.865243428401018e-01 6.119747557309706e-01
4.359016802368402e+01 -4.288425637068360e-01 6.522897097969614e-01
4.368136084381725e+01 -3.677059799923988e-01 6.876739566958304e-01
4.377255366395048e+01 -3.035828591772525e-01 7.177253555315954e-01
4.386374648408371e+01 -2.369762334016618e-01 7.420856838869830e-01
4.395493930421694e+01 -1.684193335204844e-01 7.604528217666270e-01
4.404613212435017e+01 -9.846995747655081e-02 7.725917946358899e-01
4.413732494448340e+01 -2.770391594843908e-02 7.783438336750013e-01
4.422851776461663e+01 4.329222954849011e-02 7.776327262002232e-01
4.431971058474986e+01 1.139288631324881e-01 7.704679285556066e-01
4.441090340488309e+01 1.836211361459421e-01 7.569441776106425e-01
4.450209622501632e+01 2.517965937794511e-01 7.372376339778436e-01
4.459328904514955e+01 3.179023031894627e-01 7.115988828514278e-01
4.468448186528278e+01 3.814112212157907e-01 6.803433703916278e-01
4.477567468541601e+01 4.418276014240253e-01 6.438400356138199e-01
4.486686750554924e+01 4.986913145227982e-01 6.024989926844330e-01
4.495806032568247e+01 5.515810350490675e-01 5.567591233204772e-01
4.504925314581570e+01 6.001163227181308e-01 5.070763635181098e-01
4.514044596594893e+01 6.439586925053953e-01 4.539133324103640e-01
4.523163878608216e+01 6.828118188828446e-01 3.977307776725550e-01
4.532283160621540e+01 7.164210544132315e-01 3.389811255139273e-01
4.541402442634863e+01 7.445724608843499e-01 2.781042441225538e-01
4.550521724648186e+01 7.670915537022200e-01 2.155253717494915e-01
4.559641006661509e+01 7.838419497179490e-01 1.516550321955201e-01
4.568760288674832e+01 7.947240878344993e-01 8.689066324071125e-02
4.577879570688155e+01 7.996741633887660e-01 2.161961513915584e-02
4.586998852701478e+01 7.986633838461625e-01 -4.377686822653504e-02
4.596118134714801e+01 7.916976166989068e-01 -1.089190992477022e-01
4.605237416728124e+01 7.788174620501627e-01 -1.734242543263045e-01
4.614356698741447e+01 7.600987432401809e-01 -2.369019692353955e-01
4.623475980754770e+01 7.356533698865321e-01 -2.989506456942999e-01
4.632595262768093e+01 7.056304897663936e-01 -3.591548756613042e-01
4.641714544781416e+01 6.702178102204540e-01 -4.170843579786243e-01
4.650833826794739e+01 6.296429377898619e-01 -4.722946300106585e-01
4.659953108808062e+01 5.841745587039973e-01 -5.243298591978750e-01
4.669072390821385e+01 5.341232651750394e-01 -5.727278317381130e-01
4.678191672834708e+01 4.798418260424375e-01 -6.170271367835342e-01
4.687310954848031e+01 4.217247078544895e-01 -6.567763783838078e-01
4.696430236861354e+01 3.602066760639220e-01 -6.915450638680192e-01
4.705549518874677e+01 2.957603465326076e-01 -7.209356328711874e-01
4.714668800888000e+01 2.288926141123749e-01 -7.445959275800561e-01
4.723788082901323e+01 1.601399546834819e-01 -7.622312864507387e-01
4.732907364914646e+01 9.006267448126556e-02 -7.736153936021866e-01
4.742026646927969e+01 1.923825877456892e-02 -7.785990509267849e-01
4.751145928941292e+01 -5.174595712431358e-02 -7.771161654727106e-01
4.760265210954615e+01 -1.223005159590644e-01 -7.691864530032196e-01
4.769384492967938e+01 -1.918416536039176e-01 -7.549146282429363e-01
4.778503774981261e+01 -2.597988815821112e-01 -7.344861508108597e-01
4.787623056994584e+01 -3.256220372114902e-01 -7.081598855988219e-01
4.796742339007907e+01 -3.887875459097351e-01 -6.762582813628255e-01
4.805861621021230e+01 -4.488037037370936e-01 -6.391558435721971e-01
4.814980903034553e+01 -5.052148635528692e-01 -5.972667616398919e-01
4.824100185047876e+01 -5.576044870010347e-01 -5.510325451372496e-01
4.833219467061199e+01 -6.055970991771199e-01 -5.009104397045703e-01
4.842338749074522e+01 -6.488592469839179e-01 -4.473632512360662e-01
4.851458031087845e+01 -6.870996116386743e-01 -3.908510307727271e-01
4.860577313101168e+01 -7.200684585469029e-01 -3.318248860576565e-01
4.869696595114491e+01 -7.475566237992561e-01 -2.707230084775543e-01
4.878815877127814e+01 -7.693942373869588e-01 -2.079688496386924e-01
4.887935159141137e+01 -7.854493713109213e-01 -1.439712571223971e-01
4.897054441154460e+01 -7.956267788935908e-01 -7.912628536918141e-02
4.906173723167783e+01 -7.998668625248909e-01 -1.382033236001306e-02
4.915293005181106e+01 -7.981449731446655e-01 5.156578929612072e-02
4.924412287194429e+01 -7.904711078418384e-01 1.166522627562010e-01
4.933531569207752e+01 -7.768900334066771e-01 1.810555864432076e-01
4.942650851221075e+01 -7.574818245197266e-01 2.443842321963764e-01
4.951770133234398e+01 -7.323627663506389e-01 3.062350642546389e-01
4.960889415247721e+01 -7.016865335900246e-01 3.661909226472075e-01
4.970008697261044e+01 -6.656455225469813e-01 4.238197405956944e-01
4.979127979274367e+01 -6.244721815572749e-01 4.786755107545654e-01
4.988247261287690e+01 -5.784401597170832e-01 5.303013340011585e-01
4.997366543301013e+01 -5.278650774870015e-01 5.782346730437886e-01
5.006485825314336e+01 -4.731047178272471e-01 6.220147907228399e-01
5.015605107327659e+01 -4.145584458909510e-01 6.611921839978618e-01
5.024724389340982e+01 -3.526656908942066e-01 6.953396399779438e-01
5.033843671354305e+01 -2.879033662994416e-01 7.240643571246911e-01
5.042962953367628e+01 -2.207821627779338e-01 7.470204152313004e-01
5.052082235380951e+01 -1.518417192807631e-01 7.639207664735213e-01
5.061201517394274e+01 -8.164475548966427e-02 7.745478792048119e-01
5.070320799407597e+01 -1.077032671505565e-02 7.787622117643858e-01
5.079440081420920e+01 6.019356819783355e-02 7.765078296502288e-01
5.088559363434243e+01 1.306577421277116e-01 7.678146964479310e-01
5.097678645447566e+01 2.000396236598299e-01 7.527974438172621e-01
5.106797927460889e+01 2.677707912061043e-01 7.316507252958048e-01
5.115917209474213e+01 3.333039415231384e-01 7.046415448898687e-01
5.125036491487536e+01 3.961190438621402e-01 6.720991890136764e-01
5.134155773500859e+01 4.557284963495047e-01 6.344035526363631e-01
5.143275055514182e+01 5.116811773503664e-01 5.919727236922773e-01
5.152394337527505e+01 5.635653632911627e-01 5.452506741393135e-01
5.161513619540828e+01 6.110105580972701e-01 4.946958140296350e-01
5.170632901554151e+01 6.536883419820868e-01 4.407710174669436e-01
5.179752183567474e+01 6.913123948500604e-01 3.839355507569511e-01
5.188871465580797e+01 7.236378803015011e-01 3.246391467604514e-01
5.197990747594120e+01 7.504603903524086e-01 2.633182943607066e-01
5.207110029607443e+01 7.716146501596503e-01 2.003946607859458e-01
5.216229311620766e+01 7.869731687856347e-01 1.362754435608957e-01
5.225348593634089e+01 7.964449991722941e-01 7.135535885070189e-02
5.234467875647412e+01 7.999747407232852e-01 6.019910742703825e-03
5.243587157660735e+01 7.975418835200705e-01 -5.935045366155689e-02
5.252706439674058e+01 7.891605560184742e-01 -1.243757212238350e-01
5.261825721687381e+01 7.748796994078759e-01 -1.886716501512282e-01
5.270945003700704e+01 7.547836526473907e-01 -2.518454969525424e-01
5.280064285714027e+01 7.289930933695572e-01 -3.134925535866276e-01
5.289183567727350e+01 6.976662423028559e-01 -3.731938952309963e-01
5.298302849740673e+01 6.610002038550882e-01 -4.305157029489976e-01
5.307422131753996e+01 6.192322847231713e-01 -4.850104678918492e-01
5.316541413767319e+01 5.726411080656610e-01 -5.362202991004282e-01
5.325660695780642e+01 5.215473255363594e-01 -5.836824417859396e-01
5.334779977793965e+01 4.663137261611996e-01 -6.269369670668651e-01
5.343899259807288e+01 4.073445522572161e-01 -6.655364226858878e-01
5.353018541820611e+01 3.450838601968808e-01 -6.990570487426035e-01
5.362137823833934e+01 2.800128083232294e-01 -7.271109808290176e-01
5.371257105847257e+01 2.126458143613114e-01 -7.493587078881130e-01
5.380376387860580e+01 1.435255967057764e-01 -7.655209481478090e-01
5.389495669873903e+01 7.321719229607337e-02 -7.753890755104699e-01
5.398614951887226e+01 2.301121031899055e-03 -7.788332851973706e-01
5.407734233900549e+01 -6.863406536153427e-02 -7.758078339651708e-01
5.416853515913872e+01 -1.389995612487020e-01 -7.663529156062452e-01
5.425972797927195e+01 -2.082140954119653e-01 -7.505930121811115e-01
5.435092079940518e+01 -2.757114125392375e-01 -7.287318613105732e-01
5.444211361953841e+01 -3.409471565551433e-01 -7.010444620073899e-01
5.453330643967164e+01 -4.034049139949194e-01 -6.678667713158469e-01
5.462449925980487e+01 -4.626012426948622e-01 -6.295838961494288e-01
5.471569207993810e+01 -5.180895879634720e-01 -5.866176470358376e-01
5.480688490007133e+01 -5.694630668963983e-01 -5.394142948399004e-01
5.489807772020456e+01 -6.163561741347979e-01 -4.884332716888687e-01
5.498927054033779e+01 -6.584455233155916e-01 -4.341374048293625e-01
5.508046336047102e+01 -6.954497840347394e-01 -3.769850914912269e-01
5.517165618060425e+01 -7.271290028462978e-01 -3.174246369892990e-01
5.526284900073748e+01 -7.532835090537217e-01 -2.558908055107962e-01
5.535404182087071e+01 -7.737526036014346e-01 -1.928034852576447e-01
5.544523464100394e+01 -7.884132148233756e-01 -1.285682523913844e-01
5.553642746113717e+01 -7.971786809813655e-01 -6.357853175585464e-02
5.562762028127040e+01 -7.999977890949387e-01 1.781006878924739e-03
5.571881310140363e+01 -7.968541647722106e-01 6.713021567669122e-02
5.581000592153686e+01 -7.877660703340572e-01 1.320888183978131e-01
5.590119874167009e+01 -7.727866297525274e-01 1.962717717768069e-01
5.599239156180332e+01 -7.520044597534178e-01 2.592850672793445e-01
5.608358438193655e+01 -7.255446477087192e-01 3.207223921281083e-01
5.617477720206978e+01 -6.935699796338807e-01 3.801630466546680e-01
5.626597002220301e+01 -6.562822870008753e-01 4.371714766238710e-01
5.635716284233624e+01 -6.139237509443464e-01 4.912987185915824e-01
5.644835566246947e+01 -5.667779790475951e-01 5.420859682748069e-01
5.653954848260270e+01 -5.151706559301791e-01 5.890703629808725e-01
5.663074130273593e+01 -4.594695671481123e-01 6.317929198046389e-01
5.672193412286916e+01 -4.000838090120046e-01 6.698083974408660e-01
5.681312694300239e+01 -3.374620265535465e-01 7.026966633747403e-01
5.690431976313563e+01 -2.720895683381736e-01 7.300749684709456e-01
5.699551258326886e+01 -2.044845085223050e-01 7.516103807279615e-01
5.708670540340209e+01 -1.351925596770824e-01 7.670315336533291e-01
5.717789822353532e+01 -6.478097851557955e-02 7.761388236045790e-01
5.726909104366855e+01 6.168356770970056e-03 7.788122577238955e-01
5.736028386380178e+01 7.706645255479162e-02 7.750163108862329e-01
5.745147668393501e+01 1.473249958126762e-01 7.648013834781617e-01
5.754266950406824e+01 2.163641222564870e-01 7.483017358928689e-01
5.763386232420147e+01 2.836198410178101e-01 7.257300753812386e-01
5.772505514433470e+01 3.485508293330051e-01 6.973692484925301e-01
5.781624796446793e+01 4.106443626449111e-01 6.635617139600773e-01
5.790744078460116e+01 4.694212142101539e-01 6.246976126590792e-01
5.799863360473439e+01 5.244394358100219e-01 5.812023027344546e-01
5.808982642486762e+01 5.752970093297223e-01 5.335241925906425e-01
5.818101924500085e+01 6.216334304804090e-01 4.821235970759575e-01
5.827221206513408e+01 6.631303452033136e-01 4.274631850474150e-01
5.836340488526731e+01 6.995114028935545e-01 3.700004040918706e-01
5.845459770540054e+01 7.305415172655110e-01 3.101820830494083e-01
5.854579052553377e+01 7.560257360497595e-01 2.484412426859049e-01
5.863698334566700e+01 7.758079166748935e-01 1.851960005534899e-01
5.872817616580023e+01 7.897693892818743e-01 1.208503426018598e-01
5.881936898593346e+01 7.978277636733343e-01 5.579645111702142e-02
5.891056180606669e+01 7.999360057408205e-01 -9.581777760100104e-03
5.900175462619992e+01 7.960818737266901e-01 -7.490442882728726e-02
5.909294744633315e+01 7.862877670397315e-01 -1.397908962791496e-01
5.918414026646638e+01 7.706110014786469e-01 -2.038552751865566e-01
5.927533308659961e+01 7.491444855551068e-01 -2.667022440247456e-01
5.936652590673284e+01 7.220177339969868e-01 -3.279238552421235e-01
5.945771872686607e+01 6.893981174482781e-01 -3.870976273213699e-01
5.954891154699930e+01 6.514922132085674e-01 -4.437862910319524e-01
5.964010436713253e+01 6.085470923964661e-01 -4.975394789661561e-01
5.973129718726576e+01 5.608513565080386e-01 -5.478975558086161e-01
5.982249000739899e+01 5.087357236899734e-01 -5.943976641147806e-01
5.991368282753222e+01 4.525729649787739e-01 -6.365819076824025e-01
6.000487564766545e+01 3.927770057545723e-01 -6.740074185052793e-01
6.009606846779868e+01 3.298010393088752e-01 -7.062578668839836e-01
6.018726128793191e+01 2.641345478357379e-01 -7.329557967649689e-01
6.027845410806514e+01 1.962991894626009e-01 -7.537750232918820e-01
6.036964692819837e+01 1.268435840648711e-01 -7.684522412071422e-01
6.046083974833160e+01 5.633710939844024e-02 -7.767969816844588e-01
6.055203256846483e+01 -1.463710513792606e-02 -7.786991333386920e-01
6.064322538859806e+01 -8.548973525089844e-02 -7.741334100405149e-01
6.073441820873129e+01 -1.556330713668748e-01 -7.631603891900491e-01
6.082561102886452e+01 -2.244887620462039e-01 -7.459240319986160e-01
6.091680384899775e+01 -2.914951777626862e-01 -7.226458964108251e-01
6.100799666913098e+01 -3.561141135869223e-01 -6.936165258462859e-01
6.109918948926421e+01 -4.178366036461658e-01 -6.591847100517668e-01
6.119038230939744e+01 -4.761876903907679e-01 -6.197454456269569e-01
6.128157512953067e+01 -5.307300697072952e-01 -5.757274644614113e-01
6.137276794966390e+01 -5.810666106480811e-01 -5.275811533641357e-01
6.146396076979713e+01 -6.268418188496678e-01 -4.757675736158941e-01
6.155515358993036e+01 -6.677423702449330e-01 -4.207491277300908e-01
6.164634641006359e+01 -7.034968832802234e-01 -3.629822368660642e-01
6.173753923019682e+01 -7.338751225249515e-01 -3.029122081742691e-01
6.182873205033005e+01 -7.586868350915007e-01 -2.409703036966268e-01
6.191992487046328e+01 -7.777804156965067e-01 -1.775728816747526e-01
6.201111769059651e+01 -7.910415791752353e-01 -1.131223713819949e-01
6.210231051072974e+01 -7.983921936318071e-01 -4.800976303827301e-02
6.219350333086297e+01 -7.997893957515378e-01 1.738175912969350e-02
6.228469615099620e+01 -7.952250742449247e-01 8.267244562046165e-02
6.237588897112943e+01 -7.847257695520513e-01 1.474812950272823e-01
6.246708179126266e+01 -7.683529989906321e-01 2.114214817170384e-01
6.255827461139589e+01 -7.462039773888454e-01 2.740963250734716e-01
6.264946743152912e+01 -7.184126647600564e-01 3.350962152238450e-01
6.274066025166236e+01 -6.851510357779860e-01 3.939968848514918e-01
6.283185307179559e+01 -6.466304320935659e-01 4.503593735204924e-01
6.292304589192882e+01 -6.031028297846791e-01 5.037319642346526e-01
6.301423871206205e+01 -5.548618328327831e-01 5.536542767057222e-01
6.310543153219528e+01 -5.022431922234477e-01 5.996635754015286e-01
6.319662435232851e+01 -4.456246518776453e-01 6.413031944927144e-01
6.328781717246174e+01 -3.854249395442252e-01 6.781328036752017e-01
6.337900999259497e+01 -3.221017544624432e-01 7.097400523763407e-01
6.347020281272820e+01 -2.561486539301847e-01 7.357529549269350e-01
6.356139563286143e+01 -1.880908057683364e-01 7.558522397113715e-01
6.365258845299466e+01 -1.184796487156752e-01 7.697828052255090e-01
6.374378127312789e+01 -4.788658164353767e-02 7.773634251426375e-01
6.383497409326112e+01 2.310412265191194e-02 7.784939335307023e-01
6.392616691339435e+01 9.390292064318499e-02 7.731592981256828e-01
6.401735973352758e+01 1.639228166896102e-01 7.614302378288310e-01
6.410855255366089e+01 2.325870772468728e-01 7.434603318021847e-01
6.419974537379419e+01 2.993365297123939e-01 7.194798654037032e-01
6.429093819392749e+01 3.636361698584683e-01 6.897869252292180e-01
6.438213101406079e+01 4.249808584089224e-01 6.547364598072117e-01
6.447332383419409e+01 4.828999588423595e-01 6.147281431408694e-01
6.456451665432739e+01 5.369608468989914e-01 5.701939082436945e-01
6.465570947446069e+01 5.867712994579792e-01 5.215859635422125e-01
6.474690229459399e+01 6.319808394715826e-01 4.693659836045044e-01
6.483809511472730e+01 6.722811693973413e-01 4.139960002649135e-01
6.492928793486060e+01 7.074058651704934e-01 3.559313352585657e-01
6.502048075499390e+01 7.371295254385858e-01 2.956157325212307e-01
6.511167357512720e+01 7.612665775024831e-01 2.334786834439157e-01
6.520286639526050e+01 7.796699343098676e-01 1.699348011961136e-01
6.529405921539380e+01 7.922296786549010e-01 1.053849942196066e-01
6.538525203552710e+01 7.988719242619745e-01 4.021911280646149e-02
6.547644485566040e+01 7.995579712082489e-01 -2.518030807482556e-02
6.556763767579370e+01 7.942838372353791e-01 -9.043361747539701e-02
6.565883049592701e+01 7.830802084735148e-01 -1.551593528671782e-01
6.575002331606031e+01 7.660128140871399e-01 -2.189697101081795e-01
6.584121613619361e+01 7.431831902425051e-01 -2.814666053159507e-01
6.593240895632691e+01 7.147297604537582e-01 -3.422387413130659e-01
6.602360177646021e+01 6.808291228516281e-01 -4.008600641449498e-01
6.611479459659351e+01 6.416974016842713e-01 -4.568899494881394e-01
6.620598741672681e+01 5.975914923524097e-01 -5.098753888925427e-01
6.629718023686011e+01 5.488100089392388e-01 -5.593553469095489e-01
6.638837305699342e+01 4.956937332934135e-01 -6.048673300449018e-01
6.647956587712672e+01 4.386253680463970e-01 -6.459560493662809e-01
6.657075869726002e+01 3.780284148165194e-01 -6.821838786049210e-01
6.666195151739332e+01 3.143650345573151e-01 -7.131426233517393e-01
6.675314433752662e+01 2.481327992211596e-01 -7.384659449431816e-01
6.684433715765992e+01 1.798603102502316e-01 -7.578416489284169e-01
6.693552997779322e+01 1.101017352753695e-01 -7.710229764769909e-01
6.702672279792652e+01 3.943039321097905e-02 -7.778380466401851e-01
6.711791561805983e+01 -3.156840822462363e-02 -7.781966972703692e-01
6.720910843819313e+01 -1.023050178301344e-01 -7.720941588123136e-01
6.730030125832643e+01 -1.721932639628942e-01 -7.596112502677042e-01
6.739149407845973e+01 -2.406581350909681e-01 -7.409110806287377e-01
6.748268689859303e+01 -3.071430097532077e-01 -7.162325351859296e-01
6.757387971872633e+01 -3.711161656039986e-01 -6.858810871596646e-01
6.766507253885963e+01 -4.320763559952931e-01 -6.502176702507949e-01
6.775626535899293e+01 -4.895573153296123e-01 -6.096464576300642e-01
6.784745817912624e+01 -5.431311330794620e-01 -5.646024122110155e-01
6.793865099925954e+01 -5.924105129188086e-01 -5.155394097100425e-01
6.802984381939284e+01 -6.370500010754836e-01 -4.629196080543633e-01
6.812103663952614e+01 -6.767463219499380e-01 -4.072045677180346e-01
6.821222945965944e+01 -7.112379966307549e-01 -3.488484418045252e-01
6.830342227979274e+01 -7.403044406350893e-01 -2.882933731725089e-01
6.839461509992604e+01 -7.637647421473933e-01 -2.259670739614485e-01
6.848580792005934e+01 -7.814763134597051e-01 -1.622824293409485e-01
6.857700074019264e+01 -7.933335889916839e-01 -9.763886499940336e-02
6.866819356032595e+01 -7.992669159823372e-01 -3.242514500337388e-02
6.875938638045925e+01 -7.992417511848340e-01 3.297678142565179e-02
6.885057920059255e+01 -7.932582406659902e-01 9.818729461547200e-02
6.894177202072585e+01 -7.813512216140973e-01 1.628244059990654e-01
6.903296484085915e+01 -7.635906459896732e-01 2.264992764404593e-01
6.912415766099245e+01 -7.400823867881533e-01 2.888123766220536e-01
6.921535048112575e+01 -7.109693494971895e-01 3.493506997123478e-01
6.930654330125905e+01 -6.764327751237335e-01 4.076864074497161e-01
6.939773612139236e+01 -6.366935884426186e-01 4.633772425072098e-01
6.948892894152566e+01 -5.920136178882803e-01 5.159689668876600e-01
6.958012176165896e+01 -5.426964942649997e-01 5.649999835286443e-01
6.967131458179226e+01 -4.890880269838304e-01 6.100081645051360e-01
6.976250740192556e+01 -4.315758616042605e-01 6.505397470662662e-01
6.985370022205886e+01 -3.705882432961498e-01 6.861599771118064e-01
6.994489304219216e+01 -3.065917485654088e-01 7.164649939993065e-01
7.003608586232546e+01 -2.400879016533766e-01 7.410942818348611e-01
7.012727868245877e+01 -1.716086597813677e-01 7.597428849083916e-01
7.021847150259207e+01 -1.017108280105543e-01 7.721725222265895e-01
7.030966432272537e+01 -3.096954313395571e-02 7.782207561699669e-01
7.040085714285867e+01 4.002896128649729e-02 7.778074809865864e-01
7.049204996299197e+01 1.106950379993798e-01 7.709381926365185e-01
7.058324278312527e+01 1.804434489431197e-01 7.577037629835638e-01
7.067443560325857e+01 2.487010077288426e-01 7.382767375821180e-01
7.076562842339187e+01 3.149137368461647e-01 7.129044701218027e-01
7.085682124352518e+01 3.785532752947633e-01 6.818996612107301e-01
7.094801406365848e+01 4.391223331916538e-01 6.456290549133643e-01
7.103920688379178e+01 4.961590638219119e-01 6.045011455837702e-01
7.113039970392508e+01 5.492403024152310e-01 5.589537563496886e-01
7.122159252405838e+01 5.979836967439651e-01 5.094422784561374e-01
7.131278534419168e+01 6.420488208762595e-01 4.564292265471226e-01
7.140397816432498e+01 6.811374154988693e-01 4.003755927407528e-01
7.149517098445828e+01 7.149929337861678e-01 3.417342960883337e-01
7.158636380459158e+01 7.433995905244328e-01 2.809458441415175e-01
7.167755662472489e+01 7.661811154011342e-01 2.184361644623795e-01
7.176874944485819e+01 7.831994013667352e-01 1.546164340599208e-01
7.185994226499149e+01 7.943532185588771e-01 8.988463610386443e-02
7.195113508512479e+01 7.995771362176491e-01 2.462850361879433e-02
7.204232790525809e+01 7.988407617513118e-01 -4.077053564048078e-02
7.213352072539139e+01 7.921483695777437e-01 -1.059328259619590e-01
7.222471354552469e+01 7.795389540137421e-01 -1.704757885109333e-01
7.231590636565799e+01 7.610867013718199e-01 -2.340094940759975e-01
