# omega0=1, alpha=2
# theta0=1, theta_dot0=0
# t_start=0, t_end=50, h=0.00911928
#   t          x(t)                 v(t)       
0  1.000000000000000e+00  0.000000000000000e+00
9.119282013323059e-02 9.967056886508955e-01 -7.009247875102732e-02
1.823856402664613e-01 9.875798699680972e-01 -1.282091909856228e-01
2.735784603996920e-01 9.736327823511000e-01 -1.760990372330532e-01
3.647712805329227e-01 9.557273220069569e-01 -2.152508998044932e-01
4.559641006661534e-01 9.346010666757887e-01 -2.469301303053442e-01
5.471569207993838e-01 9.108851273936428e-01 -2.722115430311411e-01
6.383497409326140e-01 8.851201637809839e-01 -2.920086097285365e-01
7.295425610658441e-01 8.577699106807841e-01 -3.070988654443138e-01
8.207353811990743e-01 8.292325536075085e-01 -3.181457258639587e-01
9.119282013323045e-01 7.998502668776506e-01 -3.257170214665559e-01
1.003121021465535e+00 7.699171979293994e-01 -3.303006014532609e-01
1.094313841598765e+00 7.396861484404647e-01 -3.323173712256156e-01
1.185506661731995e+00 7.093741700848629e-01 -3.321321154606308e-01
1.276699481865225e+00 6.791672617178635e-01 -3.300624342120110e-01
1.367892301998455e+00 6.492243263072497e-01 -3.263860883341014e-01
1.459085122131685e+00 6.196805204320834e-01 -3.213470169651751e-01
1.550277942264916e+00 5.906501067434262e-01 -3.151602563548339e-01
1.641470762398146e+00 5.622289003403584e-01 -3.080159574780688e-01
1.732663582531376e+00 5.344963833705790e-01 -3.000826704725414e-01
1.823856402664606e+00 5.075175480751468e-01 -2.915100373607312e-01
1.915049222797836e+00 4.813445166960740e-01 -2.824310108991115e-01
2.006242042931067e+00 4.560179768849217e-01 -2.729636966914586e-01
2.097434863064297e+00 4.315684632302815e-01 -2.632128977737083e-01
2.188627683197527e+00 4.080175090175167e-01 -2.532714255289003e-01
2.279820503330757e+00 3.853786871200948e-01 -2.432212277992891e-01
2.371013323463987e+00 3.636585547939585e-01 -2.331343741932290e-01
2.462206143597217e+00 3.428575139219744e-01 -2.230739296001356e-01
2.553398963730448e+00 3.229705957732611e-01 -2.130947395965966e-01
2.644591783863678e+00 3.039881774614243e-01 -2.032441455298483e-01
2.735784603996908e+00 2.858966358852836e-01 -1.935626423944468e-01
2.826977424130138e+00 2.686789439125229e-01 -1.840844889831251e-01
2.918170244263368e+00 2.523152128344596e-01 -1.748382770201464e-01
3.009363064396598e+00 2.367831846073944e-01 -1.658474639197892e-01
3.100555884529828e+00 2.220586770446683e-01 -1.571308723172786e-01
3.191748704663059e+00 2.081159848871474e-01 -1.487031584759371e-01
3.282941524796289e+00 1.949282395219233e-01 -1.405752509813708e-01
3.374134344929519e+00 1.824677300115800e-01 -1.327547607061374e-01
3.465327165062749e+00 1.707061880185209e-01 -1.252463627964076e-01
3.556519985195979e+00 1.596150391454406e-01 -1.180521513387902e-01
3.647712805329209e+00 1.491656231535639e-01 -1.111719673655863e-01
3.738905625462440e+00 1.393293854579146e-01 -1.046037009151915e-01
3.830098445595670e+00 1.300780422295556e-01 -9.834356795464007e-02
3.921291265728900e+00 1.213837213565105e-01 -9.238636307388894e-02
4.012484085862130e+00 1.132190814274576e-01 -8.672568896265639e-02
4.103676905995361e+00 1.055574108058720e-01 -8.135416377131467e-02
4.194869726128591e+00 9.837270875830108e-02 -7.626360753189819e-02
4.286062546261821e+00 9.163975049053272e-02 -7.144520887085508e-02
4.377255366395051e+00 8.533413783131684e-02 -6.688967328084017e-02
4.468448186528281e+00 7.943233718685136e-02 -6.258735423512315e-02
4.559641006661511e+00 7.391170627213592e-02 -5.852836842650889e-02
4.650833826794742e+00 6.875051100908873e-02 -5.470269639504503e-02
4.742026646927972e+00 6.392793386735916e-02 -5.110026977753755e-02
4.833219467061202e+00 5.942407481318746e-02 -4.771104636941038e-02
4.924412287194432e+00 5.521994592537691e-02 -4.452507413808952e-02
5.015605107327662e+00 5.129746063616193e-02 -4.153254526907885e-02
5.106797927460892e+00 4.763941845898909e-02 -3.872384126323284e-02
5.197990747594122e+00 4.422948597532092e-02 -3.608957003819524e-02
5.289183567727353e+00 4.105217476871247e-02 -3.362059592008791e-02
5.380376387860583e+00 3.809281691666308e-02 -3.130806334457999e-02
5.471569207993813e+00 3.533753857906601e-02 -2.914341502049401e-02
5.562762028127043e+00 3.277323215633797e-02 -2.711840524494370e-02
5.653954848260273e+00 3.038752743031377e-02 -2.522510899729166e-02
5.745147668393503e+00 2.816876204649059e-02 -2.345592738043627e-02
5.836340488526734e+00 2.610595164691989e-02 -2.180358992241501e-02
5.927533308659964e+00 2.418875991866484e-02 -2.026115419925226e-02
6.018726128793194e+00 2.240746878294587e-02 -1.882200319148960e-02
6.109918948926424e+00 2.075294891456038e-02 -1.747984074193770e-02
6.201111769059654e+00 1.921663074955712e-02 -1.622868544084088e-02
6.292304589192884e+00 1.779047611115385e-02 -1.506286322675350e-02
6.383497409326115e+00 1.646695055919601e-02 -1.397699895686294e-02
6.474690229459345e+00 1.523899654677074e-02 -1.296600716909795e-02
6.565883049592575e+00 1.410000744863212e-02 -1.202508222995669e-02
6.657075869725805e+00 1.304380250959554e-02 -1.114968803638965e-02
6.748268689859035e+00 1.206460274677585e-02 -1.033554741708374e-02
6.839461509992265e+00 1.115700782724474e-02 -9.578631357922453e-03
6.930654330125495e+00 1.031597393215709e-02 -8.875148158051547e-03
7.021847150258726e+00 9.536792609448633e-03 -8.221532606674322e-03
7.113039970391956e+00 8.815070609660544e-03 -7.614435256257266e-03
7.204232790525186e+00 8.146710693139008e-03 -7.050711855076630e-03
7.295425610658416e+00 7.527893391641065e-03 -6.527412990819210e-03
7.386618430791646e+00 6.955059703120787e-03 -6.041773987117930e-03
7.477811250924876e+00 6.424894695051086e-03 -5.591205086315459e-03
7.569004071058107e+00 5.934311988948886e-03 -5.173281944279260e-03
7.660196891191337e+00 5.480439096718774e-03 -4.785736456621102e-03
7.751389711324567e+00 5.060603577926103e-03 -4.426447930095218e-03
7.842582531457797e+00 4.672319986078331e-03 -4.093434608163496e-03
7.933775351591027e+00 4.313277571364845e-03 -3.784845555633566e-03
8.024968171724257e+00 3.981328707020387e-03 -3.498952903815531e-03
8.116160991857488e+00 3.674478006481974e-03 -3.234144454731745e-03
8.207353811990718e+00 3.390872098757054e-03 -2.988916640485602e-03
8.298546632123948e+00 3.128790029870148e-03 -2.761867831890301e-03
8.389739452257178e+00 2.886634258870365e-03 -2.551691988823876e-03
8.480932272390408e+00 2.662922217631286e-03 -2.357172643464750e-03
8.572125092523638e+00 2.456278404530405e-03 -2.177177206530392e-03
8.663317912656868e+00 2.265426983033776e-03 -2.010651585852430e-03
8.754510732790099e+00 2.089184857212132e-03 -1.856615106041378e-03
8.845703552923329e+00 1.926455197259954e-03 -1.714155717593231e-03
8.936896373056559e+00 1.776221389163485e-03 -1.582425483542250e-03
9.028089193189789e+00 1.637541383754813e-03 -1.460636331646223e-03
9.119282013323019e+00 1.509542421485841e-03 -1.348056060081961e-03
9.210474833456249e+00 1.391416110349161e-03 -1.244004584711746e-03
9.301667653589480e+00 1.282413835454878e-03 -1.147850416140485e-03
9.392860473722710e+00 1.181842479837096e-03 -1.059007355004464e-03
9.484053293855940e+00 1.089060437105779e-03 -9.769313942041774e-04
9.575246113989170e+00 1.003473897575150e-03 -9.011178171052827e-04
9.666438934122400e+00 9.245333904852864e-04 -8.310984810743128e-04
9.757631754255630e+00 8.517305658867175e-04 -7.664392760818199e-04
9.848824574388860e+00 7.845952006767882e-04 -7.067377484883194e-04
9.940017394522091e+00 7.226924141600850e-04 -6.516208805222574e-04
1.003121021465532e+01 6.656200793524693e-04 -6.007430163593422e-04
1.012240303478855e+01 6.130064170589524e-04 -5.537839261149384e-04
1.021359585492178e+01 5.645077605296223e-04 -5.104469994624114e-04
1.030478867505501e+01 5.198064792354196e-04 -4.704575609874926e-04
1.039598149518824e+01 4.786090510071839e-04 -4.335612997795799e-04
1.048717431532147e+01 4.406442724477411e-04 -3.995228061434938e-04
1.057836713545470e+01 4.056615981586910e-04 -3.681242086880538e-04
1.066955995558793e+01 3.734295999219445e-04 -3.391639054097183e-04
1.076075277572116e+01 3.437345375419735e-04 -3.124553827395453e-04
1.085194559585439e+01 3.163790335893030e-04 -2.878261168591827e-04
1.094313841598762e+01 2.911808447901646e-04 -2.651165519160395e-04
1.103433123612085e+01 2.679717232826285e-04 -2.441791500789196e-04
1.112552405625408e+01 2.465963614071783e-04 -2.248775086730815e-04
1.121671687638731e+01 2.269114141208027e-04 -2.070855399178932e-04
1.130790969652054e+01 2.087845935194811e-04 -1.906867090610894e-04
1.139910251665377e+01 1.920938303256546e-04 -1.755733269612586e-04
1.149029533678700e+01 1.767264975460794e-04 -1.616458934148517e-04
1.158148815692023e+01 1.625786918325400e-04 -1.488124877560158e-04
1.167268097705346e+01 1.495545683843834e-04 -1.369882034772480e-04
1.176387379718669e+01 1.375657255188314e-04 -1.260946238266424e-04
1.185506661731992e+01 1.265306353036075e-04 -1.160593355337556e-04
1.194625943745315e+01 1.163741168976010e-04 -1.068154780012904e-04
1.203745225758638e+01 1.070268494800836e-04 -9.830132547432184e-05
1.212864507771961e+01 9.842492186833950e-05 -9.045989986312188e-05
1.221983789785284e+01 9.050941612837332e-05 -8.323861205022594e-05
1.231103071798607e+01 8.322602267449770e-05 -7.658892965767946e-05
1.240222353811930e+01 7.652468453189546e-05 -7.046606938684746e-05
1.249341635825254e+01 7.035926860248681e-05 -6.482871217120819e-05
1.258460917838577e+01 6.468726192936142e-05 -5.963873950260896e-05
1.267580199851900e+01 5.946949109936116e-05 -5.486098940395793e-05
1.276699481865223e+01 5.466986305779793e-05 -5.046303062666682e-05
1.285818763878546e+01 5.025512573439314e-05 -4.641495374973711e-05
1.294938045891869e+01 4.619464699593320e-05 -4.268917794957682e-05
1.304057327905192e+01 4.246021054941128e-05 -3.926027229580916e-05
1.313176609918515e+01 3.902582752010594e-05 -3.610479050883756e-05
1.322295891931838e+01 3.586756252263051e-05 -3.320111819009794e-05
1.331415173945161e+01 3.296337312994809e-05 -3.052933160607706e-05
1.340534455958484e+01 3.029296172612773e-05 -2.807106717260973e-05
1.349653737971807e+01 2.783763880363469e-05 -2.580940084697532e-05
1.358773019985130e+01 2.558019683559352e-05 -2.372873669217129e-05
1.367892301998453e+01 2.350479391810213e-05 -2.181470393070722e-05
1.377011584011776e+01 2.159684643765292e-05 -2.005406185458412e-05
1.386130866025099e+01 1.984293007435424e-05 -1.843461200403363e-05
1.395250148038422e+01 1.823068850324329e-05 -1.694511707030926e-05
1.404369430051745e+01 1.674874920382098e-05 -1.557522601755636e-05
1.413488712065068e+01 1.538664583228484e-05 -1.431540495573244e-05
1.422607994078391e+01 1.413474665203117e-05 -1.315687333089147e-05
1.431727276091714e+01 1.298418855607451e-05 -1.209154503105575e-05
1.440846558105037e+01 1.192681625030292e-05 -1.111197403554203e-05
1.449965840118360e+01 1.095512619915304e-05 -1.021130426313551e-05
1.459085122131683e+01 1.006221496553486e-05 -9.383223300061579e-06
1.468204404145006e+01 9.241731604835858e-06 -8.621919712424033e-06
1.477323686158329e+01 8.487833798750794e-06 -7.922043669786359e-06
1.486442968171652e+01 7.795147438665563e-06 -7.278670626987950e-06
1.495562250184975e+01 7.158729390513030e-06 -6.687267830219836e-06
1.504681532198298e+01 6.574033193545126e-06 -6.143663430938231e-06
1.513800814211621e+01 6.036877464450229e-06 -5.644018007465390e-06
1.522920096224944e+01 5.543416795800923e-06 -5.184798309206221e-06
1.532039378238267e+01 5.090114954049258e-06 -4.762753052379971e-06
1.541158660251590e+01 4.673720197292178e-06 -4.374890609107732e-06
1.550277942264913e+01 4.291242546899273e-06 -4.018458443681843e-06
1.559397224278236e+01 3.939932859912548e-06 -3.690924160940761e-06
1.568516506291559e+01 3.617263560971393e-06 -3.389958041946480e-06
1.577635788304882e+01 3.320910903457957e-06 -3.113416951670304e-06
1.586755070318205e+01 3.048738639665677e-06 -2.859329512192100e-06
1.595874352331528e+01 2.798782989129294e-06 -2.625882443059386e-06
1.604993634344851e+01 2.569238802875947e-06 -2.411407977983766e-06
1.614112916358174e+01 2.358446829317592e-06 -2.214372274017647e-06
1.623232198371497e+01 2.164881994854590e-06 -2.033364735795390e-06
1.632351480384820e+01 1.987142619045001e-06 -1.867088183378471e-06
1.641470762398143e+01 1.823940490456487e-06 -1.714349797749616e-06
1.650590044411466e+01 1.674091735097259e-06 -1.574052783089437e-06
1.659709326424789e+01 1.536508414655876e-06 -1.445188689671652e-06
1.668828608438112e+01 1.410190796700697e-06 -1.326830345558213e-06
1.677947890451435e+01 1.294220243529815e-06 -1.218125349290060e-06
1.687067172464758e+01 1.187752670550392e-06 -1.118290079477538e-06
1.696186454478081e+01 1.090012528929322e-06 -1.026604180619488e-06
1.705305736491404e+01 1.000287270819883e-06 -9.424054876430363e-07
1.714425018504727e+01 9.179222587546137e-07 -8.650853545766222e-07
1.723544300518050e+01 8.423160838241272e-07 -7.940843554652324e-07
1.732663582531373e+01 7.729162600548657e-07 -7.288883281258951e-07
1.741782864544696e+01 7.092152649738373e-07 -6.690247336389897e-07
1.750902146558019e+01 6.507468987221671e-07 -6.140593065912619e-07
1.760021428571342e+01 5.970829362672351e-07 -5.635929730430716e-07
1.769140710584665e+01 5.478300492797027e-07 -5.172590149977611e-07
1.778259992597988e+01 5.026269761000634e-07 -4.747204618166038e-07
1.787379274611311e+01 4.611419199317678e-07 -4.356676905592623e-07
1.796498556624634e+01 4.230701569757950e-07 -3.998162186468634e-07
1.805617838637957e+01 3.881318376751900e-07 -3.669046735518513e-07
1.814737120651280e+01 3.560699655772723e-07 -3.366929254240976e-07
1.823856402664603e+01 3.266485395548032e-07 -3.089603696741679e-07
1.832975684677927e+01 2.996508462636479e-07 -2.835043475593578e-07
1.842094966691250e+01 2.748778907609638e-07 -2.601386937628017e-07
1.851214248704573e+01 2.521469541717054e-07 -2.386924008267808e-07
1.860333530717896e+01 2.312902681787334e-07 -2.190083911040192e-07
1.869452812731219e+01 2.121537969290211e-07 -2.009423876305257e-07
1.878572094744542e+01 1.945961177008774e-07 -1.843618760052681e-07
1.887691376757865e+01 1.784873923698363e-07 -1.691451499901736e-07
1.896810658771188e+01 1.637084223485860e-07 -1.551804341227646e-07
1.905929940784511e+01 1.501497802633591e-07 -1.423650771670161e-07
1.915049222797834e+01 1.377110121695595e-07 -1.306048107192901e-07
1.924168504811157e+01 1.262999046067446e-07 -1.198130677387421e-07
1.933287786824480e+01 1.158318112508144e-07 -1.099103561884222e-07
1.942407068837803e+01 1.062290343424900e-07 -1.008236833571911e-07
1.951526350851126e+01 9.742025645880030e-08 -9.248602678612463e-08
1.960645632864449e+01 8.934001855097553e-08 -8.483584804864747e-08
1.969764914877772e+01 8.192824050033234e-08 -7.781664593342581e-08
1.978884196891095e+01 7.512978074568043e-08 -7.137654585506573e-08
1.988003478904418e+01 6.889403181356620e-08 -6.546792257178701e-08
1.997122760917741e+01 6.317454883821406e-08 -6.004705352318401e-08
2.006242042931064e+01 5.792870839309609e-08 -5.507380031653532e-08
2.015361324944387e+01 5.311739517228403e-08 -5.051131608834666e-08
2.024480606957710e+01 4.870471425861408e-08 -4.632577665025593e-08
2.033599888971033e+01 4.465772689860503e-08 -4.248613349633942e-08
2.042719170984356e+01 4.094620787228733e-08 -3.896388690338299e-08
2.051838452997679e+01 3.754242270079587e-08 -3.573287749787800e-08
2.060957735011002e+01 3.442092307683192e-08 -3.276909479434498e-08
2.070077017024325e+01 3.155835903390348e-08 -3.005050132997655e-08
2.079196299037648e+01 2.893330649052405e-08 -2.755687113135421e-08
2.088315581050971e+01 2.652610891612854e-08 -2.526964135089415e-08
2.097434863064294e+01 2.431873196712921e-08 -2.317177600441824e-08
2.106554145077617e+01 2.229463003499670e-08 -2.124764082747760e-08
2.115673427090940e+01 2.043862373416993e-08 -1.948288834737223e-08
2.124792709104263e+01 1.873678743657750e-08 -1.786435234076427e-08
2.133911991117586e+01 1.717634603215152e-08 -1.637995091387831e-08
2.143031273130909e+01 1.574558016144163e-08 -1.501859750398883e-08
2.152150555144232e+01 1.443373922776768e-08 -1.377011915764083e-08
2.161269837157555e+01 1.323096155271528e-08 -1.262518149323188e-08
2.170389119170878e+01 1.212820109058027e-08 -1.157521980356529e-08
2.179508401184201e+01 1.111716016497268e-08 -1.061237579810278e-08
2.188627683197524e+01 1.019022773453668e-08 -9.729439525207373e-09
2.197746965210847e+01 9.340422734940854e-09 -8.919796051960332e-09
2.206866247224170e+01 8.561342081229366e-09 -8.177376513419552e-09
2.215985529237493e+01 7.847112948562293e-09 -7.496613174703818e-09
2.225104811250816e+01 7.192348980554558e-09 -6.872398178258418e-09
2.234224093264139e+01 6.592110103070546e-09 -6.300045675287839e-09
2.243343375277462e+01 6.041865647650020e-09 -5.775257064818319e-09
2.252462657290785e+01 5.537460512918939e-09 -5.294089086349966e-09
2.261581939304108e+01 5.075084114549453e-09 -4.852924532734316e-09
2.270701221317431e+01 4.651241894735852e-09 -4.448445368914899e-09
2.279820503330754e+01 4.262729180894136e-09 -4.077608059630636e-09
2.288939785344077e+01 3.906607200506769e-09 -3.737620925228504e-09
2.298059067357400e+01 3.580181074844941e-09 -3.425923359477203e-09
2.307178349370723e+01 3.280979628822015e-09 -3.140166756822258e-09
2.316297631384046e+01 3.006736867568580e-09 -2.878197008971874e-09
2.325416913397369e+01 2.755374982567705e-09 -2.638038442140565e-09
2.334536195410692e+01 2.524988761437156e-09 -2.417879076785902e-09
2.343655477424015e+01 2.313831285774672e-09 -2.216057101327715e-09
2.352774759437338e+01 2.120300810967706e-09 -2.031048460207886e-09
2.361894041450661e+01 1.942928730578915e-09 -1.861455464796006e-09
2.371013323463984e+01 1.780368535916269e-09 -1.705996343130051e-09
2.380132605477307e+01 1.631385688739985e-09 -1.563495651355591e-09
2.389251887490630e+01 1.494848331800738e-09 -1.432875476041286e-09
2.398371169503953e+01 1.369718768093968e-09 -1.313147362347994e-09
2.407490451517276e+01 1.255045645398318e-09 -1.203404908355352e-09
2.416609733530600e+01 1.149956787883938e-09 -1.102816970741766e-09
2.425729015543923e+01 1.053652621366302e-09 -1.010621431506473e-09
2.434848297557246e+01 9.654001431784802e-10 -9.261194795482411e-10
2.443967579570569e+01 8.845273916713309e-10 -8.486703647041910e-10
2.453086861583892e+01 8.104183740564613e-10 -7.776865853314760e-10
2.462206143597215e+01 7.425084147080283e-10 -7.126294737094089e-10
2.471325425610538e+01 6.802798891614177e-10 -6.530051464732030e-10
2.480444707623861e+01 6.232583119123809e-10 -5.983607899840539e-10
2.489563989637184e+01 5.710087487503132e-10 -5.482812530134101e-10
2.498683271650507e+01 5.231325267732882e-10 -5.023859213899123e-10
2.507802553663830e+01 4.792642174479382e-10 -4.603258513421363e-10
2.516921835677153e+01 4.390688701105302e-10 -4.217811401841312e-10
2.526041117690476e+01 4.022394751715754e-10 -3.864585147477215e-10
2.535160399703799e+01 3.684946379987315e-10 -3.540891195784701e-10
2.544279681717122e+01 3.375764460242208e-10 -3.244264883928204e-10
2.553398963730445e+01 3.092485130650307e-10 -2.972446836530733e-10
2.562518245743768e+01 2.832941861674328e-10 -2.723365903644394e-10
2.571637527757091e+01 2.595149015015943e-10 -2.495123513435443e-10
2.580756809770414e+01 2.377286769462034e-10 -2.285979322588540e-10
2.589876091783737e+01 2.177687300253334e-10 -2.094338057082117e-10
2.598995373797060e+01 1.994822107977528e-10 -1.918737444841126e-10
2.608114655810383e+01 1.827290401595020e-10 -1.757837149899765e-10
2.617233937823706e+01 1.673808448101485e-10 -1.610408625164808e-10
2.626353219837029e+01 1.533199808575506e-10 -1.475325807714627e-10
2.635472501850352e+01 1.404386387005710e-10 -1.351556586850112e-10
2.644591783863675e+01 1.286380224388968e-10 -1.238154980877817e-10
2.653711065876998e+01 1.178275976184760e-10 -1.134253963895103e-10
2.662830347890321e+01 1.079244016342072e-10 -1.039058888700725e-10
2.671949629903644e+01 9.885241158223899e-11 -9.518414564081408e-11
2.681068911916967e+01 9.054196478602983e-11 -8.719341874254959e-11
2.690188193930290e+01 8.292922761641352e-11 -7.987253522159998e-11
2.699307475943613e+01 7.595570858923654e-11 -7.316543236929238e-11
2.708426757956936e+01 6.956781205739666e-11 -6.702073162601398e-11
2.717546039970259e+01 6.371642911979265e-11 -6.139134794053135e-11
2.726665321983582e+01 5.835656265006907e-11 -5.623413164100176e-11
2.735784603996905e+01 5.344698360519786e-11 -5.150954011787772e-11
2.744903886010228e+01 4.894991600979728e-11 -4.718133684254847e-11
2.754023168023551e+01 4.483074822840671e-11 -4.321631545072973e-11
2.763142450036874e+01 4.105776833632898e-11 -3.958404680782523e-11
2.772261732050197e+01 3.760192158159973e-11 -3.625664714614103e-11
2.781381014063520e+01 3.443658809750766e-11 -3.320856552221409e-11
2.790500296076843e+01 3.153737917811539e-11 -3.041638898780046e-11
2.799619578090166e+01 2.888195056956402e-11 -2.785866400133307e-11
2.808738860103489e+01 2.644983135863511e-11 -2.551573272889805e-11
2.817858142116812e+01 2.422226715805452e-11 -2.336958299589933e-11
2.826977424130135e+01 2.218207639623879e-11 -2.140371075342122e-11
2.836096706143458e+01 2.031351861841590e-11 -1.960299401762176e-11
2.845215988156781e+01 1.860217379704328e-11 -1.795357732700098e-11
2.854335270170104e+01 1.703483173287956e-11 -1.644276584173216e-11
2.863454552183427e+01 1.559939070456836e-11 -1.505892828201263e-11
2.872573834196750e+01 1.428476459473745e-11 -1.379140796912820e-11
2.881693116210073e+01 1.308079778493127e-11 -1.263044129412928e-11
2.890812398223396e+01 1.197818717066337e-11 -1.156708299514526e-11
2.899931680236719e+01 1.096841070194015e-11 -1.059313767583708e-11
2.909050962250042e+01 1.004366190417604e-11 -9.701097044689826e-12
2.918170244263365e+01 9.196789879865396e-12 -8.884082398132944e-12
2.927289526276688e+01 8.421244333040792e-12 -8.135791910167897e-12
2.936408808290011e+01 7.711025196743990e-12 -7.450452327580207e-12
2.945528090303334e+01 7.060636478753664e-12 -6.822774703187377e-12
2.954647372316657e+01 6.465043972916094e-12 -6.247913830176695e-12
2.963766654329980e+01 5.919636512854180e-12 -5.721431068646969e-12
2.972885936343303e+01 5.420190471808277e-12 -5.239260281196610e-12
2.982005218356626e+01 4.962837237093040e-12 -4.797676617990413e-12
2.991124500369950e+01 4.544033410324778e-12 -4.393267913366283e-12
3.000243782383273e+01 4.160533505354802e-12 -4.022908475873545e-12
3.009363064396596e+01 3.809364934893206e-12 -3.683735071815640e-12
3.018482346409919e+01 3.487805094268365e-12 -3.373124919038775e-12
3.027601628423242e+01 3.193360366772455e-12 -3.088675522989974e-12
3.036720910436565e+01 2.923746889713455e-12 -2.828186201078104e-12
3.045840192449888e+01 2.676872933740608e-12 -2.589641154215416e-12
3.054959474463211e+01 2.450822760335026e-12 -2.371193956191847e-12
3.064078756476534e+01 2.243841833653384e-12 -2.171153342328482e-12
3.073198038489857e+01 2.054323273266188e-12 -1.987970188751819e-12
3.082317320503180e+01 1.880795443821322e-12 -1.820225582701331e-12
3.091436602516503e+01 1.721910586360664e-12 -1.666619892597956e-12
3.100555884529826e+01 1.576434403988319e-12 -1.525962754223343e-12
3.109675166543149e+01 1.443236521894138e-12 -1.397163896346499e-12
3.118794448556472e+01 1.321281748431067e-12 -1.279224735538930e-12
3.127913730569795e+01 1.209622070080447e-12 -1.171230675789701e-12
3.137033012583118e+01 1.107389318762251e-12 -1.072344053912661e-12
3.146152294596441e+01 1.013788455100155e-12 -9.817976766700536e-13
3.155271576609764e+01 9.280914159736011e-13 -8.988889000572240e-13
3.164390858623087e+01 8.496314790163936e-13 -8.229742053364302e-13
3.173510140636410e+01 7.777981006869584e-13 -7.534642302052732e-13
3.182629422649733e+01 7.120321881693564e-13 -6.898192169657595e-13
3.191748704663056e+01 6.518217686940928e-13 -6.315448427499361e-13
3.200867986676379e+01 5.966980229191927e-13 -5.781883997815986e-13
3.209987268689702e+01 5.462316518081000e-13 -5.293352963329505e-13
3.219106550703025e+01 5.000295490030614e-13 -4.846058514906697e-13
3.228225832716348e+01 4.577317530403259e-13 -4.436523590962508e-13
3.237345114729671e+01 4.190086559046337e-13 -4.061563982878595e-13
3.246464396742994e+01 3.835584463915079e-13 -3.718263699609424e-13
3.255583678756317e+01 3.511047685518623e-13 -3.403952401968605e-13
3.264702960769640e+01 3.213945771481821e-13 -3.116184732960305e-13
3.273822242782963e+01 2.941961735676775e-13 -2.852721385065614e-13
3.282941524796286e+01 2.692974070269420e-13 -2.611511758722370e-13
3.292060806809609e+01 2.465040271753824e-13 -2.390678078450667e-13
3.301180088822932e+01 2.256381753707752e-13 -2.188500844268271e-13
3.310299370836255e+01 2.065370029686598e-13 -2.003405506295713e-13
3.319418652849578e+01 1.890514059460761e-13 -1.833950259848106e-13
3.328537934862901e+01 1.730448660769005e-13 -1.678814866921553e-13
3.337657216876224e+01 1.583923896975875e-13 -1.536790417871959e-13
3.346776498889547e+01 1.449795358547795e-13 -1.406769954313454e-13
3.355895780902870e+01 1.327015263157818e-13 -1.287739880887667e-13
3.365015062916194e+01 1.214624305545909e-13 -1.178772099624383e-13
3.374134344929517e+01 1.111744194048593e-13 -1.079016806174984e-13
3.383253626942840e+01 1.017570816013205e-13 -9.876958922951482e-14
3.392372908956163e+01 9.313679791684793e-14 -9.040969036214011e-14
3.401492190969486e+01 8.524616804721387e-14 -8.275675060630863e-14
3.410611472982809e+01 7.802348580315998e-14 -7.575104180498141e-14
3.419730754996132e+01 7.141225854272215e-14 -6.933787694644796e-14
3.428850037009455e+01 6.536076711873931e-14 -6.346718513810083e-14
3.437969319022778e+01 5.982166292974276e-14 -5.809312237392651e-14
3.447088601036101e+01 5.475159894937982e-14 -5.317371508501496e-14
3.456207883049424e+01 5.011089187238048e-14 -4.867053371529500e-14
3.465327165062747e+01 4.586321275584741e-14 -4.454839379639389e-14
3.474446447076070e+01 4.197530375519309e-14 -4.077508220777153e-14
3.483565729089393e+01 3.841671875605896e-14 -3.732110650272353e-14
3.492685011102716e+01 3.515958588858506e-14 -3.415946535897326e-14
3.501804293116039e+01 3.217839007988110e-14 -3.126543837574864e-14
3.510923575129362e+01 2.944977395578455e-14 -2.861639358871831e-14
3.520042857142685e+01 2.695235554517559e-14 -2.619161121109121e-14
3.529162139156008e+01 2.466656137034815e-14 -2.397212223461615e-14
3.538281421169331e+01 2.257447362621354e-14 -2.194056063911699e-14
3.547400703182654e+01 2.065969026036022e-14 -2.008102806444857e-14
3.556519985195977e+01 1.890719686604985e-14 -1.837896989516702e-14
3.565639267209300e+01 1.730324939187035e-14 -1.682106179651783e-14
3.574758549222623e+01 1.583526675569691e-14 -1.539510582123485e-14
3.583877831235946e+01 1.449173252747974e-14 -1.408993528073624e-14
3.592997113249269e+01 1.326210491577721e-14 -1.289532764216941e-14
3.602116395262592e+01 1.213673435742713e-14 -1.180192477491884e-14
3.611235677275915e+01 1.110678806879649e-14 -1.080115992712694e-14
3.620354959289238e+01 1.016418097112690e-14 -9.885190864928046e-15
3.629474241302561e+01 9.301512452016516e-15 -9.046838654860085e-15
3.638593523315884e+01 8.512008470433557e-15 -8.279531613667010e-15
3.647712805329207e+01 7.789468554190824e-15 -7.577253989773515e-15
3.656832087342530e+01 7.128217276847391e-15 -6.934498977412305e-15
3.665951369355853e+01 6.523059835836303e-15 -6.346225697995388e-15
3.675070651369176e+01 5.969241385515598e-15 -5.807819814104279e-15
3.684189933382499e+01 5.462409808050989e-15 -5.315057469667430e-15
3.693309215395822e+01 4.998581631788426e-15 -4.864072275713726e-15
3.702428497409145e+01 4.574110831270335e-15 -4.451325084738543e-15
3.711547779422468e+01 4.185660265480672e-15 -4.073576318375928e-15
3.720667061435791e+01 3.830175531444548e-15 -3.727860632904381e-15
3.729786343449114e+01 3.504861029117397e-15 -3.411463725277788e-15
3.738905625462437e+01 3.207158050722132e-15 -3.121901099007677e-15
3.748024907475760e+01 2.934724723464148e-15 -2.856898624456799e-15
3.757144189489083e+01 2.685417648995505e-15 -2.614374742054760e-15
3.766263471502406e+01 2.457275096223312e-15 -2.392424169722231e-15
3.775382753515729e+01 2.248501616165696e-15 -2.189302987489699e-15
3.784502035529052e+01 2.057453958645883e-15 -2.003414983010583e-15
3.793621317542375e+01 1.882628180766680e-15 -1.833299151479610e-15
3.802740599555698e+01 1.722647846403081e-15 -1.677618252451729e-15
3.811859881569021e+01 1.576253224461786e-15 -1.535148334283962e-15
3.820979163582344e+01 1.442291401449360e-15 -1.404769144456408e-15
3.830098445595667e+01 1.319707231026024e-15 -1.285455350927225e-15
3.839217727608990e+01 1.207535049755149e-15 -1.176268505993591e-15
3.848337009622313e+01 1.104891094240168e-15 -1.076349689915106e-15
3.857456291635636e+01 1.010966560317328e-15 -9.849127768528360e-16
3.866575573648959e+01 9.250212499870149e-16 -9.012382705272905e-16
3.875694855662282e+01 8.463777563574098e-16 -8.246676614396198e-16
3.884814137675605e+01 7.744161410775054e-16 -7.545982615667557e-16
3.893933419688928e+01 7.085690625848998e-16 -6.904784761646277e-16
3.903052701702251e+01 6.483173170171134e-16 -6.318034757228509e-16
3.912171983715574e+01 5.931857568609320e-16 -5.781112342359220e-16
3.921291265728897e+01 5.427395553675440e-16 -5.289789028141681e-16
3.930410547742220e+01 4.965807874650173e-16 -4.840194902747121e-16
3.939529829755543e+01 4.543453003750046e-16 -4.428788247488570e-16
3.948649111768867e+01 4.156998494067574e-16 -4.052327725361846e-16
3.957768393782190e+01 3.803394764762188e-16 -3.707846924443541e-16
3.966887675795513e+01 3.479851107973231e-16 -3.392631056927039e-16
3.976006957808836e+01 3.183813729314620e-16 -3.104195631415912e-16
3.985126239822159e+01 2.912945649729267e-16 -2.840266931510548e-16
3.994245521835482e+01 2.665108311054256e-16 -2.598764147838551e-16
4.003364803848805e+01 2.438344740988685e-16 -2.377783023601952e-16
4.012484085862128e+01 2.230864145368985e-16 -2.175580885545425e-16
4.021603367875451e+01 2.041027806836823e-16 -1.990562943081344e-16
4.030722649888774e+01 1.867336179219534e-16 -1.821269748224202e-16
4.039841931902097e+01 1.708417076312268e-16 -1.666365718065665e-16
4.048961213915420e+01 1.563014862327924e-16 -1.524628629833304e-16
4.058080495928743e+01 1.429980559132259e-16 -1.394940006185315e-16
4.067199777942066e+01 1.308262792568816e-16 -1.276276315359840e-16
4.076319059955389e+01 1.196899506757442e-16 -1.167700917174981e-16
4.085438341968712e+01 1.095010381272742e-16 -1.068356691714025e-16
4.094557623982035e+01 1.001789891621709e-16 -9.774592928752835e-17
4.103676905995358e+01 9.165009584862638e-17 -8.942909738589765e-17
4.112796188008681e+01 8.384691358157414e-17 -8.181949361429201e-17
4.121915470022004e+01 7.670772920828271e-17 -7.485701575993379e-17
4.131034752035327e+01 7.017607428869084e-17 -6.848666591589518e-17
4.140154034048650e+01 6.420027966317129e-17 -6.265811728648446e-17
4.149273316061973e+01 5.873306782470398e-17 -5.732531773043116e-17
4.158392598075296e+01 5.373117988927922e-17 -5.244612692865472e-17
4.167511880088619e+01 4.915503423005861e-17 -4.798198432700545e-17
4.176631162101942e+01 4.496841408951973e-17 -4.389760524566920e-17
4.185750444115265e+01 4.113818171145072e-17 -4.016070276781489e-17
4.194869726128588e+01 3.763401674302039e-17 -3.674173322226084e-17
4.203989008141911e+01 3.442817684786312e-17 -3.361366326002293e-17
4.213108290155234e+01 3.149527864567670e-17 -3.075175669403113e-17
4.222227572168557e+01 2.881209725360376e-17 -2.813337942638528e-17
4.231346854181880e+01 2.635738285090485e-17 -2.573782092947854e-17
4.240466136195203e+01 2.411169282227835e-17 -2.354613087725831e-17
4.249585418208526e+01 2.205723815768986e-17 -2.154096964183514e-17
4.258704700221849e+01 2.017774289869965e-17 -1.970647147952136e-17
4.267823982235172e+01 1.845831552390138e-17 -1.802811933003388e-17
4.276943264248495e+01 1.688533126001243e-17 -1.649263024381084e-17
4.286062546261818e+01 1.544632439112291e-17 -1.508785053588173e-17
4.295181828275141e+01 1.412988971729030e-17 -1.380265984115087e-17
4.304301110288464e+01 1.292559238567706e-17 -1.262688331590074e-17
4.313420392301787e+01 1.182388538333476e-17 -1.155121129434475e-17
4.322539674315110e+01 1.081603404105641e-17 -1.056712576765777e-17
4.331658956328433e+01 9.894046952923263e-18 -9.666833106548011e-18
4.340778238341756e+01 9.050612766695890e-18 -8.843202497524339e-18
4.349897520355079e+01 8.279042346438144e-18 -8.089709607944876e-18
4.359016802368402e+01 7.573215851080994e-18 -7.400385036056540e-18
4.368136084381725e+01 6.927534311361869e-18 -6.769767139874629e-18
4.377255366395048e+01 6.336875323019370e-18 -6.192858873200726e-18
4.386374648408371e+01 5.796552506560823e-18 -5.665088288606939e-18
4.395493930421694e+01 5.302278413606253e-18 -5.182272396071521e-18
4.404613212435017e+01 4.850130586979957e-18 -4.740584092361946e-18
4.413732494448340e+01 4.436520506583669e-18 -4.336521900433597e-18
4.422851776461663e+01 4.058165175838519e-18 -3.966882280234912e-18
4.431971058474986e+01 3.712061124305676e-18 -3.628734292556901e-18
4.441090340488309e+01 3.395460621151164e-18 -3.319396416095268e-18
4.450209622501632e+01 3.105849911558904e-18 -3.036415334852220e-18
4.459328904514955e+01 2.840929304154608e-18 -2.777546528525866e-18
4.468448186528278e+01 2.598594952107179e-18 -2.540736512739510e-18
4.477567468541601e+01 2.376922183938804e-18 -2.324106588962806e-18
4.486686750554924e+01 2.174150252304900e-18 -2.125937975873755e-18
4.495806032568247e+01 1.988668380196882e-18 -1.944658204798319e-18
4.504925314581570e+01 1.819002994262391e-18 -1.778828671828591e-18
4.514044596594893e+01 1.663806044309663e-18 -1.627133248339221e-18
4.523163878608216e+01 1.521844316639105e-18 -1.488367859966915e-18
4.532283160621540e+01 1.391989656693176e-18 -1.361430951754828e-18
4.541402442634863e+01 1.273210023697324e-18 -1.245314764152582e-18
4.550521724648186e+01 1.164561306536443e-18 -1.139097350958533e-18
4.559641006661509e+01 1.065179836124904e-18 -1.041935276143889e-18
4.568760288674832e+01 9.742755350310276e-19 -9.530569318545553e-19
4.577879570688155e+01 8.911256501522761e-19 -8.717564247882193e-19
4.586998852701478e+01 8.150690188450883e-19 -7.973879826296782e-19
4.596118134714801e+01 7.455008231295383e-19 -7.293608363321952e-19
4.605237416728124e+01 6.818677904470072e-19 -6.671345377889210e-19
4.614356698741447e+01 6.236638029793163e-19 -6.102146758757711e-19
4.623475980754770e+01 5.704258807680535e-19 -5.581489569926346e-19
4.632595262768093e+01 5.217305068286267e-19 -5.105236191081802e-19
4.641714544781416e+01 4.771902651581965e-19 -4.669601509474882e-19
4.650833826794739e+01 4.364507650114196e-19 -4.271122903720069e-19
4.659953108808062e+01 3.991878270823758e-19 -3.906632782068930e-19
4.669072390821385e+01 3.651049093030354e-19 -3.573233457890325e-19
4.678191672834708e+01 3.339307518644919e-19 -3.268274163558394e-19
4.687310954848031e+01 3.054172228018925e-19 -2.989330020848494e-19
4.696430236861354e+01 2.793373470712430e-19 -2.734182801404867e-19
4.705549518874677e+01 2.554835034985730e-19 -2.500803324993681e-19
4.714668800888000e+01 2.336657753107761e-19 -2.287335356202681e-19
4.723788082901323e+01 2.137104411732895e-19 -2.092080872096259e-19
4.732907364914646e+01 1.954585947722463e-19 -1.913486584175454e-19
4.742026646927969e+01 1.787648819966021e-19 -1.750131607912025e-19
4.751145928941292e+01 1.634963457070474e-19 -1.600716182202225e-19
4.760265210954615e+01 1.495313689306273e-19 -1.464051349391106e-19
4.769384492967938e+01 1.367587080996261e-19 -1.339049514117400e-19
4.778503774981261e+01 1.250766086666036e-19 -1.224715806182379e-19
4.787623056994584e+01 1.143919960801175e-19 -1.120140179008361e-19
4.796742339007907e+01 1.046197357028087e-19 -1.024490181073931e-19
4.805861621021230e+01 9.568195579985668e-20 -9.370043430394835e-20
4.814980903034553e+01 8.750742822567851e-20 -8.569861281503316e-20
4.824100185047876e+01 8.003100189407382e-20 -7.837983979639075e-20
4.833219467061199e+01 7.319308453544166e-20 -7.168583495277006e-20
4.842338749074522e+01 6.693916862751438e-20 -6.556328838677272e-20
4.851458031087845e+01 6.121939773629833e-20 -5.996343690630233e-20
4.860577313101168e+01 5.598816982435175e-20 -5.484167643068697e-20
4.869696595114491e+01 5.120377437670033e-20 -5.015720742148630e-20
4.878815877127814e+01 4.682806046291102e-20 -4.587271052561673e-20
4.887935159141137e+01 4.282613309923625e-20 -4.195404985779513e-20
4.897054441154460e+01 3.916607549924611e-20 -3.837000156830894e-20
4.906173723167783e+01 3.581869500676122e-20 -3.509200554249571e-20
4.915293005181106e+01 3.275729069281041e-20 -3.209393826164513e-20
4.924412287194429e+01 2.995744077025241e-20 -2.935190502276822e-20
4.933531569207752e+01 2.739680813697921e-20 -2.684404986813996e-20
4.942650851221075e+01 2.505496250250829e-20 -2.455038171592452e-20
4.951770133234398e+01 2.291321768440802e-20 -2.245261531164906e-20
4.960889415247721e+01 2.095448278143033e-20 -2.053402573781682e-20
4.970008697261044e+01 1.916312604039910e-20 -1.877931532647401e-20
4.979127979274367e+01 1.752485033469569e-20 -1.717449191791745e-20
4.988247261287690e+01 1.602657926439186e-20 -1.570675749873029e-20
4.997366543301013e+01 1.465635297243724e-20 -1.436440633467277e-20

