# omega0=1, alpha=0.152
# theta0=0.8, theta_dot0=0
# t_start=0, t_end=50, h=0.00911928
#   t          x(t)                 v(t)       
0  8.000000000000000e-01  0.000000000000000e+00
9.119282013323059e-02 7.978594651945876e-01 -4.682037628770784e-02
1.823856402664613e-01 7.914862703324707e-01 -9.279756448406522e-02
2.735784603996920e-01 7.809658091216419e-01 -1.377455307280176e-01
3.647712805329227e-01 7.664003643006199e-01 -1.814795348270151e-01
4.559641006661534e-01 7.479090837263952e-01 -2.238141540814384e-01
5.471569207993838e-01 7.256281112457786e-01 -2.645618827709089e-01
6.383497409326140e-01 6.997108152781286e-01 -3.035324038765234e-01
7.295425610658441e-01 6.703280503166257e-01 -3.405326051969507e-01
8.207353811990743e-01 6.376683812360879e-01 -3.753673836448435e-01
9.119282013323045e-01 6.019381977638877e-01 -4.078412487032143e-01
1.003121021465535e+00 5.633616471320066e-01 -4.377606988792670e-01
1.094313841598765e+00 5.221803171446338e-01 -4.649373043881959e-01
1.185506661731995e+00 4.786526099095887e-01 -4.891913869865225e-01
1.276699481865225e+00 4.330527583354821e-01 -5.103561464807208e-01
1.367892301998455e+00 3.856694529581824e-01 -5.282820463025178e-01
1.459085122131685e+00 3.368040651725221e-01 -5.428412414032723e-01
1.550277942264916e+00 2.867684736091405e-01 -5.539318142498380e-01
1.641470762398146e+00 2.358825220012288e-01 -5.614815819692736e-01
1.732663582531376e+00 1.844711579902334e-01 -5.654512515990200e-01
1.823856402664606e+00 1.328613213781187e-01 -5.658367312558970e-01
1.915049222797836e+00 8.137866585746834e-02 -5.626704512888225e-01
2.006242042931067e+00 3.034420897683827e-02 -5.560216077422484e-01
2.097434863064297e+00 -1.992898985434526e-02 -5.459953058359510e-01
2.188627683197527e+00 -6.913902453733657e-02 -5.327306478413386e-01
2.279820503330757e+00 -1.169981187785137e-01 -5.163978717066110e-01
2.371013323463987e+00 -1.632353042116504e-01 -4.971946986601113e-01
2.462206143597217e+00 -2.075987367195831e-01 -4.753420856917217e-01
2.553398963730448e+00 -2.498576064834958e-01 -4.510795999001483e-01
2.644591783863678e+00 -2.898036173865512e-01 -4.246606357254687e-01
2.735784603996908e+00 -3.272520311305523e-01 -3.963476843651178e-01
2.826977424130138e+00 -3.620422894682375e-01 -3.664078399169189e-01
2.918170244263368e+00 -3.940382432816646e-01 -3.351086926301058e-01
3.009363064396598e+00 -4.231280291717308e-01 -3.027147200530753e-01
3.100555884529828e+00 -4.492236424474813e-01 -2.694842456743419e-01
3.191748704663059e+00 -4.722602599259728e-01 -2.356669951557870e-01
3.282941524796289e+00 -4.921953670501152e-01 -2.015022449788590e-01
3.374134344929519e+00 -5.090077419703405e-01 -1.672175289305103e-01
3.465327165062749e+00 -5.226963449971120e-01 -1.330278451904190e-01
3.556519985195979e+00 -5.332791558401669e-01 -9.913529099072901e-02
3.647712805329209e+00 -5.407919939198425e-01 -6.572904252260708e-02
3.738905625462440e+00 -5.452873493267530e-01 -3.298559423128035e-02
3.830098445595670e+00 -5.468332442033711e-01 -1.069172960347992e-03
3.921291265728900e+00 -5.455121368231642e-01 2.986775238737083e-02
4.012484085862130e+00 -5.414198737616699e-01 5.968393683521284e-02
4.103676905995361e+00 -5.346646895208579e-01 8.824886182257850e-02
4.194869726128591e+00 -5.253662479445809e-01 1.154423233315199e-01
4.286062546261821e+00 -5.136547158503606e-01 1.411541422337464e-01
4.377255366395051e+00 -4.996698565525482e-01 1.652840205757755e-01
4.468448186528281e+00 -4.835601293727065e-01 1.877415547717589e-01
4.559641006661511e+00 -4.654817807960601e-01 2.084464044347319e-01
4.650833826794742e+00 -4.455979135746851e-01 2.273286042152364e-01
4.742026646927972e+00 -4.240775217025730e-01 2.443289958854790e-01
4.833219467061202e+00 -4.010944816668952e-01 2.593997493472792e-01
4.924412287194432e+00 -3.768264935558918e-01 2.725049345673325e-01
5.015605107327662e+00 -3.514539692921872e-01 2.836211019220812e-01
5.106797927460892e+00 -3.251588692550433e-01 2.927378262631106e-01
5.197990747594122e+00 -2.981234926364850e-01 2.998581702899160e-01
5.289183567727353e+00 -2.705292308213462e-01 3.049990255154724e-01
5.380376387860583e+00 -2.425552966754262e-01 3.081912940700079e-01
5.471569207993813e+00 -2.143774456755699e-01 3.094798815095321e-01
5.562762028127043e+00 -1.861667071603200e-01 3.089234792509207e-01
5.653954848260273e+00 -1.580881455033696e-01 3.065941247170770e-01
5.745147668393503e+00 -1.302996716491751e-01 3.025765371541874e-01
5.836340488526734e+00 -1.029509251904239e-01 2.969672367729997e-01
5.927533308659964e+00 -7.618224605431326e-02 2.898734637954153e-01
6.018726128793194e+00 -5.012375299136721e-02 2.814119216635881e-01
6.109918948926424e+00 -2.489454355928188e-02 2.717073747144827e-01
6.201111769059654e+00 -6.020273255897355e-04 2.608911348022244e-01
6.292304589192884e+00 2.265859924794821e-02 2.490994735773609e-01
6.383497409326115e+00 4.480473115293140e-02 2.364719974644908e-01
6.474690229459345e+00 6.576658465471336e-02 2.231500210014327e-01
6.565883049592575e+00 8.548727996023735e-02 2.092749713951639e-01
6.657075869725805e+00 1.039227809334264e-01 1.949868532560083e-01
6.748268689859035e+00 1.210416984932076e-01 1.804227978632130e-01
6.839461509992265e+00 1.368249663253695e-01 1.657157163576430e-01
6.930654330125495e+00 1.512653990803801e-01 1.509930712831097e-01
7.021847150258726e+00 1.643671443266708e-01 1.363757761855840e-01
7.113039970391956e+00 1.761450402168511e-01 1.219772287422015e-01
7.204232790525186e+00 1.866238911531979e-01 1.079024792721459e-01
7.295425610658416e+00 1.958376737687699e-01 9.424753355352136e-02
7.386618430791646e+00 2.038286853357484e-01 8.109878664737616e-02
7.477811250924876e+00 2.106466463360297e-01 6.853258287487335e-02
7.569004071058107e+00 2.163477684384081e-01 5.661489613097517e-02
7.660196891191337e+00 2.209937985714805e-01 4.540112424760815e-02
7.751389711324567e+00 2.246510492014700e-01 3.493599102792687e-02
7.842582531457797e+00 2.273894243487818e-01 2.525354974563705e-02
7.933775351591027e+00 2.292814503252940e-01 1.637728223057676e-02
8.024968171724257e+00 2.304013196557680e-01 8.320288048156849e-03
8.116160991857488e+00 2.308239561630392e-01 1.085558647482347e-03
8.207353811990718e+00 2.306241087432309e-01 -5.333668357697911e-03
8.298546632123948e+00 2.298754809250973e-01 -1.095347943827293e-02
8.389739452257178e+00 2.286499028851075e-01 -1.579878455567871e-02
8.480932272390408e+00 2.270165521643557e-01 -1.990275045302612e-02
8.572125092523638e+00 2.250412288925886e-01 -2.330617278989350e-02
8.663317912656868e+00 2.227856908578611e-01 -2.605679241498697e-02
8.754510732790099e+00 2.203070532591771e-01 -2.820856148370161e-02
8.845703552923329e+00 2.176572574383928e-01 -2.982086558495842e-02
8.936896373056559e+00 2.148826123041071e-01 -3.095770851021950e-02
9.028089193189789e+00 2.120234115346941e-01 -3.168686674568497e-02
9.119282013323019e+00 2.091136289832089e-01 -3.207902116831124e-02
9.210474833456249e+00 2.061806940091439e-01 -3.220687375426155e-02
9.301667653589480e+00 2.032453477383092e-01 -3.214425734701068e-02
9.392860473722710e+00 2.003215805112058e-01 -3.196524666955003e-02
9.484053293855940e+00 1.974166500317258e-01 -3.174327879437861e-02
9.575246113989170e+00 1.945311789818294e-01 -3.155029120452750e-02
9.666438934122400e+00 1.916593301339054e-01 -3.145588539127152e-02
9.757631754255630e+00 1.887890562803696e-01 -3.152652364542368e-02
9.848824574388860e+00 1.859024216185128e-01 -3.182476631791306e-02
9.940017394522091e+00 1.829759905856511e-01 -3.240855636252132e-02
1.003121021465532e+01 1.799812795421300e-01 -3.333055744151090e-02
1.012240303478855e+01 1.768852661534181e-01 -3.463755128675006e-02
1.021359585492178e+01 1.736509508318752e-01 -3.636989937873833e-02
1.030478867505501e+01 1.702379641669710e-01 -3.856107334772865e-02
1.039598149518824e+01 1.666032139017067e-01 -4.123725782870210e-02
1.048717431532147e+01 1.627015647034373e-01 -4.441702882824596e-02
1.057836713545470e+01 1.584865437287841e-01 -4.811110999799947e-02
1.066955995558793e+01 1.539110647934775e-01 -5.232220856582467e-02
1.076075277572116e+01 1.489281638266160e-01 -5.704493205910036e-02
1.085194559585439e+01 1.434917382123589e-01 -6.226578636808465e-02
1.094313841598762e+01 1.375572825976846e-01 -6.796325514086576e-02
1.103433123612085e+01 1.310826137699951e-01 -7.410795997061066e-02
1.112552405625408e+01 1.240285772810361e-01 -8.066290032204959e-02
1.121671687638731e+01 1.163597286128319e-01 -8.758377163502096e-02
1.130790969652054e+01 1.080449818473477e-01 -9.481935952302867e-02
1.139910251665377e+01 9.905821901616445e-02 -1.023120074368988e-01
1.149029533678700e+01 8.937885357292144e-02 -1.099981545703479e-01
1.158148815692023e+01 7.899234175453106e-02 -1.178089401299870e-01
1.167268097705346e+01 6.789063598333164e-02 -1.256708693653834e-01
1.176387379718669e+01 5.607257491833207e-02 -1.335065359500094e-01
1.185506661731992e+01 4.354420529655182e-02 -1.412353944243369e-01
1.194625943745315e+01 3.031903132146570e-02 -1.487745754713179e-01
1.203745225758638e+01 1.641818805929393e-02 -1.560397358166174e-01
1.212864507771961e+01 1.870536097131328e-03 -1.629459335674595e-01
1.221983789785284e+01 -1.328732440232546e-02 -1.694085188718558e-01
1.231103071798607e+01 -2.901112115314683e-02 -1.753440289503428e-01
1.240222353811930e+01 -4.524905857913779e-02 -1.806710758871411e-01
1.249341635825254e+01 -6.194204681997989e-02 -1.853112151307103e-01
1.258460917838577e+01 -7.902400859509459e-02 -1.891897825058251e-01
1.267580199851900e+01 -9.642226050348199e-02 -1.922366877329616e-01
1.276699481865223e+01 -1.140579642662594e-01 -1.943871530245599e-01
1.285818763878546e+01 -1.318466424175901e-01 -1.955823863015254e-01
1.294938045891869e+01 -1.496987520556883e-01 -1.957701799444290e-01
1.304057327905192e+01 -1.675203095137788e-01 -1.949054277345426e-01
1.313176609918515e+01 -1.852135582327395e-01 -1.929505546967931e-01
1.322295891931838e+01 -2.026776717381480e-01 -1.898758568525980e-01
1.331415173945161e+01 -2.198094834620594e-01 -1.856597503275105e-01
1.340534455958484e+01 -2.365042352118669e-01 -1.802889317237553e-01
1.349653737971807e+01 -2.526563363721176e-01 -1.737584540399701e-01
1.358773019985130e+01 -2.681601264161388e-01 -1.660717245781508e-01
1.367892301998453e+01 -2.829106339779035e-01 -1.572404331067398e-01
1.377011584011776e+01 -2.968043265560885e-01 -1.472844199495987e-01
1.386130866025099e+01 -3.097398458489595e-01 -1.362314945650809e-01
1.395250148038422e+01 -3.216187247017868e-01 -1.241172155153019e-01
1.404369430051745e+01 -3.323460826357292e-01 -1.109846424796351e-01
1.413488712065068e+01 -3.418312978655075e-01 -9.688407014496329e-02
1.422607994078391e+01 -3.499886545516843e-01 -8.187275244395761e-02
1.431727276091714e+01 -3.567379647253776e-01 -6.601462377409348e-02
1.440846558105037e+01 -3.620051648290161e-01 -4.938002160015681e-02
1.449965840118360e+01 -3.657228871052516e-01 -3.204541232682908e-02
1.459085122131683e+01 -3.678310061166608e-01 -1.409311964569580e-02
1.468204404145006e+01 -3.682771604821533e-01 4.388948156637551e-03
1.477323686158329e+01 -3.670172494750280e-01 2.330757805867106e-02
1.486442968171652e+01 -3.640159034580175e-01 4.256454783667563e-02
1.495562250184975e+01 -3.592469262607313e-01 6.205694777004440e-02
1.504681532198298e+01 -3.526937065753242e-01 8.167754050365196e-02
1.513800814211621e+01 -3.443495943093310e-01 1.013151719013766e-01
1.522920096224944e+01 -3.342182366533012e-01 1.208552458328779e-01
1.532039378238267e+01 -3.223138674669253e-01 1.401802751154984e-01
1.541158660251590e+01 -3.086615425391611e-01 1.591705192269927e-01
1.550277942264913e+01 -2.932973124175242e-01 1.777047168913435e-01
1.559397224278236e+01 -2.762683239112383e-01 1.956609182425671e-01
1.568516506291559e+01 -2.576328411299273e-01 2.129174170658409e-01
1.577635788304882e+01 -2.374601770920342e-01 2.293537787354505e-01
1.586755070318205e+01 -2.158305275782204e-01 2.448519541099218e-01
1.595874352331528e+01 -1.928347000471912e-01 2.592974640605701e-01
1.604993634344851e+01 -1.685737320816099e-01 2.725806338066774e-01
1.614112916358174e+01 -1.431583959671505e-01 2.845978511526055e-01
1.623232198371497e+01 -1.167085885730809e-01 2.952528184306501e-01
1.632351480384820e+01 -8.935260861012673e-02 3.044577648006024e-01
1.641470762398143e+01 -6.122632647219409e-02 3.121345838558278e-01
1.650590044411466e+01 -3.247225507875073e-02 3.182158614786836e-01
1.659709326424789e+01 -3.238533262398391e-03 3.226457607183706e-01
1.668828608438112e+01 2.632216387808255e-02 3.253807341529653e-01
1.677947890451435e+01 5.605377078050450e-02 3.263900396307398e-01
1.687067172464758e+01 8.579801460678643e-02 3.256560422150455e-01
1.696186454478081e+01 1.153956158381863e-01 3.231742932111440e-01
1.705305736491404e+01 1.446874858636009e-01 3.189533858658513e-01
1.714425018504727e+01 1.735159015133478e-01 3.130145961763848e-01
1.723544300518050e+01 2.017256376500438e-01 3.053913256830556e-01
1.732663582531373e+01 2.291650408187315e-01 2.961283706414752e-01
1.741782864544696e+01 2.556870294759959e-01 2.852810481361936e-01
1.750902146558019e+01 2.811500093228879e-01 2.729142141776371e-01
1.760021428571342e+01 3.054186955949463e-01 2.591012114144319e-01
1.769140710584665e+01 3.283648376380751e-01 2.439227847267452e-01
1.778259992597988e+01 3.498678445450361e-01 2.274660017077452e-01
1.787379274611311e+01 3.698153138787272e-01 2.098232120691364e-01
1.796498556624634e+01 3.881034684207375e-01 1.910910755920580e-01
1.805617838637957e+01 4.046375083399256e-01 1.713696827150726e-01
1.814737120651280e+01 4.193318880904706e-01 1.507617855638037e-01
1.823856402664603e+01 4.321105286692972e-01 1.293721505394194e-01
1.832975684677927e+01 4.429069765679785e-01 1.073070368299370e-01
1.842094966691250e+01 4.516645208519490e-01 8.467379868376818e-02
1.851214248704573e+01 4.583362793225312e-01 6.158060323434119e-02
1.860333530717896e+01 4.628852637173423e-01 3.813625028123634e-02
1.869452812731219e+01 4.652844324498291e-01 1.445007586091893e-02
1.878572094744542e+01 4.655167375578718e-01 -9.368082220087582e-03
1.887691376757865e+01 4.635751704110339e-01 -3.320788139794836e-02
1.896810658771188e+01 4.594628084074688e-01 -5.695846007895638e-02
1.905929940784511e+01 4.531928624690345e-01 -8.050843886578450e-02
1.915049222797834e+01 4.447887227127304e-01 -1.037459636249140e-01
1.924168504811157e+01 4.342839973347373e-01 -1.265588152369767e-01
1.933287786824480e+01 4.217225375862939e-01 -1.488346083224270e-01
1.942407068837803e+01 4.071584398429474e-01 -1.704610976642053e-01
1.951526350851126e+01 3.906560142613446e-01 -1.913266065092175e-01
1.960645632864449e+01 3.722897084653898e-01 -2.113205855087482e-01
1.969764914877772e+01 3.521439741810637e-01 -2.303343048864182e-01
1.978884196891095e+01 3.303130648068222e-01 -2.482616756863554e-01
1.988003478904418e+01 3.069007526050979e-01 -2.650001888973186e-01
1.997122760917741e+01 2.820199555459823e-01 -2.804519541714844e-01
2.006242042931064e+01 2.557922658128475e-01 -2.945248131100117e-01
2.015361324944387e+01 2.283473745439918e-01 -3.071334960557804e-01
2.024480606957710e+01 1.998223904511447e-01 -3.182007864116344e-01
2.033599888971033e+01 1.703610534062774e-01 -3.276586530648083e-01
2.042719170984356e+01 1.401128477721161e-01 -3.354493098654457e-01
2.051838452997679e+01 1.092320239931040e-01 -3.415261615104088e-01
2.060957735011002e+01 7.787654057055766e-02 -3.458545977338247e-01
2.070077017024325e+01 4.620694182294901e-02 -3.484126023708649e-01
2.079196299037648e+01 1.438518959405542e-02 -3.491911504554748e-01
2.088315581050971e+01 -1.742653084359320e-02 -3.481943747015581e-01
2.097434863064294e+01 -4.906700916013178e-02 -3.454394920372004e-01
2.106554145077617e+01 -8.037719068297781e-02 -3.409564907556303e-01
2.115673427090940e+01 -1.112013180266602e-01 -3.347875887092161e-01
2.124792709104263e+01 -1.413880135884762e-01 -3.269864822014849e-01
2.133911991117586e+01 -1.707912850307473e-01 -3.176174132789646e-01
2.143031273130909e+01 -1.992714387030010e-01 -3.067540895409358e-01
2.152150555144232e+01 -2.266958892881826e-01 -2.944784950553208e-01
2.161269837157555e+01 -2.529398575998691e-01 -2.808796333291345e-01
2.170389119170878e+01 -2.778869522184376e-01 -2.660522435232375e-01
2.179508401184201e+01 -3.014296343451147e-01 -2.500955293573941e-01
2.188627683197524e+01 -3.234695687034870e-01 -2.331119366751669e-01
2.197746965210847e+01 -3.439178663852868e-01 -2.152060107672756e-01
2.206866247224170e+01 -3.626952281113717e-01 -1.964833586748449e-01
2.215985529237493e+01 -3.797319983864025e-01 -1.770497352129220e-01
2.225104811250816e+01 -3.949681424295245e-01 -1.570102647553968e-01
2.234224093264139e+01 -4.083531585595778e-01 -1.364688042493744e-01
2.243343375277462e+01 -4.198459389270588e-01 -1.155274467668984e-01
2.252462657290785e+01 -4.294145911644627e-01 -9.428615937558746e-02
2.261581939304108e+01 -4.370362327370856e-01 -7.284254437124679e-02
2.270701221317431e+01 -4.426967685943290e-01 -5.129170905681078e-02
2.279820503330754e+01 -4.463906612293834e-01 -2.972622631173481e-02
2.288939785344077e+01 -4.481207005367572e-01 -8.236166170527123e-03
2.298059067357400e+01 -4.478977789944792e-01 1.309082251604672e-02
2.307178349370723e+01 -4.457406757688555e-01 3.416940158324598e-02
2.316297631384046e+01 -4.416758514167012e-01 5.491642502473926e-02
2.325416913397369e+01 -4.357372530090130e-01 7.525083211410741e-02
2.334536195410692e+01 -4.279661277805540e-01 9.509357011103804e-02
2.343655477424015e+01 -4.184108418746642e-01 1.143675622003019e-01
2.352774759437338e+01 -4.071266994481281e-01 1.329977335521511e-01
2.361894041450661e+01 -3.941757563667949e-01 1.509111052359872e-01
2.371013323463984e+01 -3.796266219914792e-01 1.680369622454155e-01
2.380132605477307e+01 -3.635542421503662e-01 1.843070981917435e-01
2.389251887490630e+01 -3.460396563349123e-01 1.996561353963398e-01
2.398371169503953e+01 -3.271697224473386e-01 2.140219152755722e-01
2.407490451517276e+01 -3.070368030644113e-01 2.273459501944381e-01
2.416609733530600e+01 -2.857384081470791e-01 2.395739245068341e-01
2.425729015543923e+01 -2.633767903883847e-01 2.506562294483163e-01
2.434848297557246e+01 -2.400584909091671e-01 2.605485140468674e-01
2.443967579570569e+01 -2.158938347258152e-01 2.692122324041534e-01
2.453086861583892e+01 -1.909963772585923e-01 2.766151666890367e-01
2.462206143597215e+01 -1.654823050455752e-01 2.827319050605832e-01
2.471325425610538e+01 -1.394697956929112e-01 2.875442545425846e-01
2.480444707623861e+01 -1.130783438419837e-01 2.910415706006299e-01
2.489563989637184e+01 -8.642806148613284e-02 2.932209877686259e-01
2.498683271650507e+01 -5.963896224936225e-02 2.940875390246406e-01
2.507802553663830e+01 -3.283024018477938e-02 2.936541555684657e-01
2.516921835677153e+01 -6.119554215403066e-03 2.919415430088823e-01
2.526041117690476e+01 2.037767050231798e-02 2.889779345044847e-01
2.535160399703799e+01 4.654891326720387e-02 2.847987258843528e-01
2.544279681717122e+01 7.228519020205386e-02 2.794460019755836e-01
2.553398963730445e+01 9.748163894528292e-02 2.729679670768606e-01
2.562518245743768e+01 1.220380476330910e-01 2.654182955694273e-01
2.571637527757091e+01 1.458593217077446e-01 2.568554209235359e-01
2.580756809770414e+01 1.688558838234310e-01 2.473417827665040e-01
2.589876091783737e+01 1.909440039453505e-01 2.369430522087956e-01
2.598995373797060e+01 2.120460585712929e-01 2.257273553092310e-01
2.608114655810383e+01 2.320907197739911e-01 2.137645134764846e-01
2.617233937823706e+01 2.510130764018561e-01 2.011253178637556e-01
2.626353219837029e+01 2.687546912315020e-01 1.878808525534643e-01
2.635472501850352e+01 2.852635990971366e-01 1.741018786983012e-01
2.644591783863675e+01 3.004942520025259e-01 1.598582889348815e-01
2.653711065876998e+01 3.144074179374485e-01 1.452186384597920e-01
2.662830347890321e+01 3.269700405713421e-01 1.302497562828226e-01
2.671949629903644e+01 3.381550671919607e-01 1.150164374561339e-01
2.681068911916967e+01 3.479412522148431e-01 9.958121460532721e-02
2.690188193930290e+01 3.563129433353491e-01 8.400420491932593e-02
2.699307475943613e+01 3.632598569585409e-01 6.834302692845554e-02
2.708426757956936e+01 3.687768489553590e-01 5.265277993165722e-02
2.717546039970259e+01 3.728636860892550e-01 3.698607782497419e-02
2.726665321983582e+01 3.755248226679945e-01 2.139312832160993e-02
2.735784603996905e+01 3.767691861314283e-01 5.921848116694632e-03
2.744903886010228e+01 3.766099744159817e-01 -9.381995591031598e-03
2.754023168023551e+01 3.750644670660247e-01 -2.447462668477322e-02
2.763142450036874e+01 3.721538512138018e-01 -3.931409393099754e-02
2.772261732050197e+01 3.679030627429013e-01 -5.386010554923093e-02
2.781381014063520e+01 3.623406422022204e-01 -6.807387237705739e-02
2.790500296076843e+01 3.554986043622529e-01 -8.191796658862827e-02
2.799619578090166e+01 3.474123197151106e-01 -9.535620193967367e-02
2.808738860103489e+01 3.381204057235489e-01 -1.083535404334805e-01
2.817858142116812e+01 3.276646252298787e-01 -1.208760291530801e-01
2.826977424130135e+01 3.160897891484316e-01 -1.328907698070625e-01
2.836096706143458e+01 3.034436603886454e-01 -1.443659223124492e-01
2.845215988156781e+01 2.897768558911474e-01 -1.552707425113531e-01
2.854335270170104e+01 2.751427437055857e-01 -1.655756529136342e-01
2.863454552183427e+01 2.595973321931541e-01 -1.752523442019296e-01
2.872573834196750e+01 2.431991486930847e-01 -1.842739041562332e-01
2.881693116210073e+01 2.260091053425290e-01 -1.926149696814846e-01
2.890812398223396e+01 2.080903501722946e-01 -2.002518967822169e-01
2.899931680236719e+01 1.895081021033026e-01 -2.071629426508744e-01
2.909050962250042e+01 1.703294690244710e-01 -2.133284535459224e-01
2.918170244263365e+01 1.506232487239572e-01 -2.187310518530837e-01
2.927289526276688e+01 1.304597130526460e-01 -2.233558156629118e-01
2.936408808290011e+01 1.099103763007367e-01 -2.271904443680967e-01
2.945528090303334e+01 8.904774934421382e-02 -2.302254041836606e-01
2.954647372316657e+01 6.794508164734515e-02 -2.324540481125874e-01
2.963766654329980e+01 4.667609367090569e-02 -2.338727056990974e-01
2.972885936343303e+01 2.531470261654942e-02 -2.344807389033432e-01
2.982005218356626e+01 3.934744721572089e-03 -2.342805615582876e-01
2.991124500369950e+01 -1.739030250520669e-02 -2.332776210889340e-01
3.000243782383273e+01 -3.858759465284804e-02 -2.314803424383892e-01
3.009363064396596e+01 -5.958518798198537e-02 -2.289000354047848e-01
3.018482346409919e+01 -8.031229696716025e-02 -2.255507677985814e-01
3.027601628423242e+01 -1.006995388432078e-01 -2.214492079348731e-01
3.036720910436565e+01 -1.206791625567559e-01 -2.166144409388748e-01
3.045840192449888e+01 -1.401852599696560e-01 -2.110677641308862e-01
3.054959474463211e+01 -1.591539576697970e-01 -2.048324673444173e-01
3.064078756476534e+01 -1.775235882971558e-01 -1.979336044020629e-01
3.073198038489857e+01 -1.952348408690396e-01 -1.903977621221465e-01
3.082317320503180e+01 -2.122308901680535e-01 -1.822528331585119e-01
3.091436602516503e+01 -2.284575058199079e-01 -1.735277986980864e-01
3.100555884529826e+01 -2.438631422176852e-01 -1.642525265751128e-01
3.109675166543149e+01 -2.583990109285790e-01 -1.544575897320619e-01
3.118794448556472e+01 -2.720191376347992e-01 -1.441741091938691e-01
3.127913730569795e+01 -2.846804060014411e-01 -1.334336248551271e-01
3.137033012583118e+01 -2.963425911226203e-01 -1.222679964405578e-01
3.146152294596441e+01 -3.069683853678902e-01 -1.107093360179481e-01
3.155271576609764e+01 -3.165234195313867e-01 -9.878997244820607e-02
3.164390858623087e+01 -3.249762821762440e-01 -8.654244717491481e-02
3.173510140636410e+01 -3.322985399687866e-01 -7.399953980810765e-02
3.182629422649733e+01 -3.384647616148382e-01 -6.119432106292422e-02
3.191748704663056e+01 -3.434525477498599e-01 -4.816022978904901e-02
3.200867986676379e+01 -3.472425688024336e-01 -3.493117008419187e-02
3.209987268689702e+01 -3.498186124548447e-01 -2.154162383479421e-02
3.219106550703025e+01 -3.511676418740260e-01 -8.026773478320388e-03
3.228225832716348e+01 -3.512798653904871e-01 5.577370658524685e-03
3.237345114729671e+01 -3.501488177723264e-01 1.923384441553248e-02
3.246464396742994e+01 -3.477714526868577e-01 3.290461142010978e-02
3.255583678756317e+01 -3.441482453753111e-01 4.655045851702820e-02
3.264702960769640e+01 -3.392833039986275e-01 6.013091118486912e-02
3.273822242782963e+01 -3.331844875574021e-01 7.360417490770997e-02
3.282941524796286e+01 -3.258635277600197e-01 8.692710810981648e-02
3.292060806809609e+01 -3.173361517240370e-01 1.000552317432442e-01
3.301180088822932e+01 -3.076222019614231e-01 1.129427799395555e-01
3.310299370836255e+01 -2.967457497330830e-01 1.255427952967628e-01
3.319418652849578e+01 -2.847351975767470e-01 1.378072713750322e-01
3.328537934862901e+01 -2.716233666287793e-01 1.496873438292665e-01
3.337657216876224e+01 -2.574475642875152e-01 1.611335303300491e-01
3.346776498889547e+01 -2.422496278143047e-01 1.720960180410681e-01
3.355895780902870e+01 -2.260759396468009e-01 1.825249959640452e-01
3.365015062916194e+01 -2.089774105120870e-01 1.923710279728991e-01
3.374134344929517e+01 -1.910094268757183e-01 2.015854608868631e-01
3.383253626942840e+01 -1.722317598425792e-01 2.101208605336176e-01
3.392372908956163e+01 -1.527084333271863e-01 2.179314674887788e-01
3.401492190969486e+01 -1.325075501196647e-01 2.249736631094810e-01
3.410611472982809e+01 -1.117010753684208e-01 2.312064356676241e-01
3.419730754996132e+01 -9.036457795559327e-02 2.365918358871219e-01
3.428850037009455e+01 -6.857693122621675e-02 2.410954110437901e-01
3.437969319022778e+01 -4.641997551273184e-02 2.446866070271421e-01
3.447088601036101e+01 -2.397814583701791e-02 2.473391284039374e-01
3.456207883049424e+01 -1.338069036173824e-03 2.490312475578539e-01
3.465327165062747e+01 2.141186468904818e-02 2.497460553812833e-01
3.474446447076070e+01 4.418195019439712e-02 2.494716477164987e-01
3.483565729089393e+01 6.688162973133681e-02 2.482012437179474e-01
3.492685011102716e+01 8.941996290355922e-02 2.459332344531742e-01
3.501804293116039e+01 1.117060978867859e-01 2.426711622837424e-01
3.510923575129362e+01 1.336497377082062e-01 2.384236337706835e-01
3.520042857142685e+01 1.551615957284729e-01 2.332041709329370e-01
3.529162139156008e+01 1.761538349968028e-01 2.270310075596216e-01
3.538281421169331e+01 1.965404868353429e-01 2.199268388571377e-01
3.547400703182654e+01 2.162378448228182e-01 2.119185339355106e-01
3.556519985195977e+01 2.351648312548500e-01 2.030368214598129e-01
3.565639267209300e+01 2.532433341212724e-01 1.933159591877811e-01
3.574758549222623e+01 2.703985136201412e-01 1.827933980808460e-01
3.583877831235946e+01 2.865590781854155e-01 1.715094512296732e-01
3.592997113249269e+01 3.016575309043327e-01 1.595069770113187e-01
3.602116395262592e+01 3.156303880089772e-01 1.468310847417462e-01
3.611235677275915e+01 3.284183718170228e-01 1.335288696634797e-01
3.620354959289238e+01 3.399665810473722e-01 1.196491824785827e-01
3.629474241302561e+01 3.502246418317412e-01 1.052424368695134e-01
3.638593523315884e+01 3.591468429736184e-01 9.036045661142945e-02
3.647712805329207e+01 3.666922590678803e-01 7.505636203258506e-02
3.656832087342530e+01 3.728248649896390e-01 5.938449378272749e-02
3.665951369355853e+01 3.775136449966305e-01 4.340037017475731e-02
3.675070651369176e+01 3.807326992770463e-01 2.716067281769392e-02
3.684189933382499e+01 3.824613502294322e-01 1.072325389816570e-02
3.693309215395822e+01 3.826842501016945e-01 -5.852842673482618e-03
3.702428497409145e+01 3.813914908637129e-01 -2.250735492936606e-02
3.711547779422468e+01 3.785787163663421e-01 -3.917878061987308e-02
3.720667061435791e+01 3.742472359745259e-01 -5.580436872339669e-02
3.729786343449114e+01 3.684041379814433e-01 -7.232013432985254e-02
3.738905625462437e+01 3.610624002431392e-01 -8.866090622773541e-02
3.748024907475760e+01 3.522409946491611e-01 -1.047604158785325e-01
3.757144189489083e+01 3.419649812952033e-01 -1.205514354761113e-01
3.766263471502406e+01 3.302655875796016e-01 -1.359659714653365e-01
3.775382753515729e+01 3.171802669369770e-01 -1.509355182465458e-01
3.784502035529052e+01 3.027527315779112e-01 -1.653913748457394e-01
3.793621317542375e+01 2.870329534488556e-01 -1.792650251239201e-01
3.802740599555698e+01 2.700771276827860e-01 -1.924885796886469e-01
3.811859881569021e+01 2.519475930938441e-01 -2.049952751292322e-01
3.820979163582344e+01 2.327127047863537e-01 -2.167200236134813e-01
3.830098445595667e+01 2.124466546993597e-01 -2.276000033626065e-01
3.839217727608990e+01 1.912292368813150e-01 -2.375752781773183e-01
3.848337009622313e+01 1.691455554640498e-01 -2.465894321433585e-01
3.857456291635636e+01 1.462856746479050e-01 -2.545902040191304e-01
3.866575573648959e+01 1.227442114775206e-01 -2.615301047127313e-01
3.875694855662282e+01 9.861987372744906e-02 -2.673670007839067e-01
3.884814137675605e+01 7.401494676837356e-02 -2.720646471251898e-01
3.893933419688928e+01 4.903473478348566e-02 -2.755931529189125e-01
3.903052701702251e+01 2.378696308448648e-02 -2.779293666266194e-01
3.912171983715574e+01 -1.618850525808987e-03 -2.790571680962397e-01
3.921291265728897e+01 -2.707204643936868e-02 -2.789676587798871e-01
3.930410547742220e+01 -5.246148640131773e-02 -2.776592444132040e-01
3.939529829755543e+01 -7.767621921447139e-02 -2.751376081569506e-01
3.948649111768867e+01 -1.026061390527858e-01 -2.714155759637396e-01
3.957768393782190e+01 -1.271426267766388e-01 -2.665128796196098e-01
3.966887675795513e+01 -1.511791652987597e-01 -2.604558263380892e-01
3.976006957808836e+01 -1.746119209999179e-01 -2.532768867869469e-01
3.985126239822159e+01 -1.973402843927786e-01 -2.450142158661902e-01
3.994245521835482e+01 -2.192673646242225e-01 -2.357111223273823e-01
4.003364803848805e+01 -2.403004339269567e-01 -2.254155043676772e-01
4.012484085862128e+01 -2.603513197128622e-01 -2.141792686286481e-01
4.021603367875451e+01 -2.793367435758553e-01 -2.020577496026926e-01
4.030722649888774e+01 -2.971786079775294e-01 -1.891091453575579e-01
4.039841931902097e+01 -3.138042327676638e-01 -1.753939838207501e-01
4.048961213915420e+01 -3.291465448961430e-01 -1.609746317296342e-01
4.058080495928743e+01 -3.431442256657917e-01 -1.459148558714344e-01
4.067199777942066e+01 -3.557418206312870e-01 -1.302794435353113e-01
4.076319059955389e+01 -3.668898177531622e-01 -1.141338862977108e-01
4.085438341968712e+01 -3.765446996641176e-01 -9.754412847414355e-02
4.094557623982035e+01 -3.846689759031973e-01 -8.057637889367161e-02
4.103676905995358e+01 -3.912312007358660e-01 -6.329698216887504e-02
4.112796188008681e+01 -3.962059817254036e-01 -4.577234340957522e-02
4.121915470022004e+01 -3.995739835793048e-01 -2.806889841285909e-02
4.131034752035327e+01 -4.013219309934309e-01 -1.025311979060064e-02
4.140154034048650e+01 -4.014426132890621e-01 7.608451707502084e-03
4.149273316061973e+01 -3.999348926180525e-01 2.544916223791165e-02
4.158392598075296e+01 -3.968037164342554e-01 4.320219826731254e-02
4.167511880088619e+01 -3.920601338309895e-01 6.080055036806279e-02
4.176631162101942e+01 -3.857213142602458e-01 7.817699908418600e-02
4.185750444115265e+01 -3.778105661149977e-01 9.526413381002360e-02
4.194869726128588e+01 -3.683573517060394e-01 1.119944145115540e-01
4.203989008141911e+01 -3.573972943328051e-01 1.283002846484743e-01
4.213108290155234e+01 -3.449721724654549e-01 1.441143418461028e-01
4.222227572168557e+01 -3.311298955525039e-01 1.593695707523050e-01
4.231346854181880e+01 -3.159244556703007e-01 1.739996401401953e-01
4.240466136195203e+01 -2.994158491589463e-01 1.879392637404590e-01
4.249585418208526e+01 -2.816699625590455e-01 2.011246215810025e-01
4.258704700221849e+01 -2.627584175828340e-01 2.134938358647800e-01
4.267823982235172e+01 -2.427583705208942e-01 2.249874927314641e-01
4.276943264248495e+01 -2.217522623911188e-01 2.355491987384468e-01
4.286062546261818e+01 -1.998275172584305e-01 2.451261586809534e-01
4.295181828275141e+01 -1.770761874596905e-01 2.536697595690714e-01
4.304301110288464e+01 -1.535945459153421e-01 2.611361443025771e-01
4.313420392301787e+01 -1.294826272452572e-01 2.674867579276025e-01
4.322539674315110e+01 -1.048437209710163e-01 2.726888493926802e-01
4.331658956328433e+01 -7.978382161550916e-02 2.767159124835053e-01
4.340778238341756e+01 -5.441104193656685e-02 2.795480511056486e-01
4.349897520355079e+01 -2.883499678951877e-02 2.811722562608603e-01
4.359016802368402e+01 -3.166166144983315e-03 2.815825848422771e-01
4.368136084381725e+01 2.248475345689063e-02 2.807802336352754e-01
4.377255366395048e+01 4.800749929326881e-02 2.787735055006808e-01
4.386374648408371e+01 7.329288485860744e-02 2.755776684601551e-01
4.395493930421694e+01 9.823342468558431e-02 2.712147121139386e-01
4.404613212435017e+01 1.227239325604331e-01 2.657130093149413e-01
4.413732494448340e+01 1.466620849739769e-01 2.591068941312874e-01
4.422851776461663e+01 1.699489427777874e-01 2.514361697084076e-01
4.431971058474986e+01 1.924894253497982e-01 2.427455615827696e-01
4.441090340488309e+01 2.141927330537528e-01 2.330841332336534e-01
4.450209622501632e+01 2.349727153360954e-01 2.225046811607905e-01
4.459328904514955e+01 2.547481833758724e-01 2.110631265592043e-01
4.468448186528278e+01 2.734431677245494e-01 1.988179197802268e-01
4.477567468541601e+01 2.909871227861897e-01 1.858294723018400e-01
4.486686750554924e+01 3.073150812456201e-01 1.721596289868463e-01
4.495806032568247e+01 3.223677626146767e-01 1.578711911020146e-01
4.504925314581570e+01 3.360916409070850e-01 1.430274980282282e-01
4.514044596594893e+01 3.484389770548218e-01 1.276920729309431e-01
4.523163878608216e+01 3.593678220373781e-01 1.119283349930466e-01
4.532283160621540e+01 3.688419968141378e-01 9.579937823601360e-02
4.541402442634863e+01 3.768310550412671e-01 7.936781455134637e-02
4.550521724648186e+01 3.833102342368144e-01 6.269567639655432e-02
4.559641006661509e+01 3.882604005549588e-01 4.584437272542511e-02
4.568760288674832e+01 3.916679916699063e-01 2.887469015269784e-02
4.577879570688155e+01 3.935249614814575e-01 1.184683011704550e-02
4.586998852701478e+01 3.938287294685987e-01 -5.179528088429457e-03
4.596118134714801e+01 3.925821365658236e-01 -2.214514910195155e-02
4.605237416728124e+01 3.897934084502067e-01 -3.899115899535701e-02
4.614356698741447e+01 3.854761261358346e-01 -5.565896928214400e-02
4.623475980754770e+01 3.796492028054336e-01 -7.209021779326256e-02
4.632595262768093e+01 3.723368648951355e-01 -8.822673605235110e-02
4.641714544781416e+01 3.635686346142828e-01 -1.040105517641467e-01
4.650833826794739e+01 3.533793103533947e-01 -1.193839337422608e-01
4.659953108808062e+01 3.418089408335231e-01 -1.342894850677226e-01
4.669072390821385e+01 3.289027884005239e-01 -1.486702885156667e-01
4.678191672834708e+01 3.147112765867118e-01 -1.624701063496549e-01
4.687310954848031e+01 2.992899169647621e-01 -1.756336345055294e-01
4.696430236861354e+01 2.826992104149532e-01 -1.881068090233057e-01
4.705549518874677e+01 2.650045182218670e-01 -1.998371604003277e-01
4.714668800888000e+01 2.462758989092304e-01 -2.107742094048600e-01
4.723788082901323e+01 2.265879074033758e-01 -2.208698958870874e-01
4.732907364914646e+01 2.060193539709483e-01 -2.300790303391109e-01
4.742026646927969e+01 1.846530213813082e-01 -2.383597564723381e-01
4.751145928941292e+01 1.625753398672871e-01 -2.456740119803061e-01
4.760265210954615e+01 1.398760206613179e-01 -2.519879740078413e-01
4.769384492967938e+01 1.166476501235349e-01 -2.572724757079920e-01
4.778503774981261e+01 9.298524770623209e-02 -2.615033806695216e-01
4.787623056994584e+01 6.898579216520402e-02 -2.646619029475365e-01
4.796742339007907e+01 4.474772148368898e-02 -2.667348619073014e-01
4.805861621021230e+01 2.037041287282054e-02 -2.677148630465090e-01
4.814980903034553e+01 -4.046350086547581e-03 -2.676003983164473e-01
4.824100185047876e+01 -2.840291562403430e-02 -2.663958621156173e-01
4.833219467061199e+01 -5.260029952459125e-02 -2.641114819598410e-01
4.842338749074522e+01 -7.654071072115899e-02 -2.607631657089119e-01
4.851458031087845e+01 -1.001280593179461e-01 -2.563722700166460e-01
4.860577313101168e+01 -1.232684401719781e-01 -2.509652972396983e-01
4.869696595114491e+01 -1.458705859252091e-01 -2.445735302754729e-01
4.878815877127814e+01 -1.678462843290572e-01 -2.372326166063786e-01
4.887935159141137e+01 -1.891107557953395e-01 -2.289821141379575e-01
4.897054441154460e+01 -2.095829882949186e-01 -2.198650121923846e-01
4.906173723167783e+01 -2.291860279583446e-01 -2.099272412464517e-01
4.915293005181106e+01 -2.478472249621832e-01 -1.992171847025536e-01
4.924412287194429e+01 -2.654984354641768e-01 -1.877852051953097e-01
4.933531569207752e+01 -2.820761814383763e-01 -1.756831967282450e-01
4.942650851221075e+01 -2.975217712228365e-01 -1.629641723817483e-01
4.951770133234398e+01 -3.117813843997874e-01 -1.496818955210425e-01
4.960889415247721e+01 -3.248061252617706e-01 -1.358905604495639e-01
4.970008697261044e+01 -3.365520495654339e-01 -1.216445263849597e-01
4.979127979274367e+01 -3.469801695334720e-01 -1.069981065614117e-01
4.988247261287690e+01 -3.560564421373541e-01 -9.200541225325320e-02
4.997366543301013e+01 -3.637517455877016e-01 -7.672024962975085e-02

