# omega0=1, alpha=4
# theta0=1, theta_dot0=0
# t_start=0, t_end=50, h=0.00911928
#   t          x(t)                 v(t)       
0  1.000000000000000e+00  0.000000000000000e+00
9.119282013323059e-02 9.968915470087415e-01 -6.424964939147966e-02
1.823856402664613e-01 9.888836281764127e-01 -1.086182571541520e-01
2.735784603996920e-01 9.775042665954113e-01 -1.390092990922126e-01
3.647712805329227e-01 9.638279331837553e-01 -1.595693808414229e-01
4.559641006661534e-01 9.486105516725983e-01 -1.732106910522861e-01
5.471569207993838e-01 9.323843178837478e-01 -1.819787642842340e-01
6.383497409326140e-01 9.155242557592429e-01 -1.873109213471152e-01
7.295425610658441e-01 8.982949223546596e-01 -1.902176964284341e-01
8.207353811990743e-01 8.808831815394671e-01 -1.914101254684162e-01
9.119282013323045e-01 8.634212050447801e-01 -1.913890265433432e-01
1.003121021465535e+00 8.460026192346634e-01 -1.905076177740793e-01
1.094313841598765e+00 8.286938443853784e-01 -1.890154392343062e-01
1.185506661731995e+00 8.115420615739106e-01 -1.870891669552399e-01
1.276699481865225e+00 7.945808133391831e-01 -1.848542365791555e-01
1.367892301998455e+00 7.778339436134194e-01 -1.824000223793901e-01
1.459085122131685e+00 7.613183716982089e-01 -1.797904959875139e-01
1.550277942264916e+00 7.450460473678262e-01 -1.770717136607457e-01
1.641470762398146e+00 7.290253306503450e-01 -1.742770777360549e-01
1.732663582531376e+00 7.132619672429723e-01 -1.714310354380894e-01
1.823856402664606e+00 6.977597796011957e-01 -1.685516802619924e-01
1.915049222797836e+00 6.825211580166096e-01 -1.656525824050735e-01
2.006242042931067e+00 6.675474109237874e-01 -1.627440774370957e-01
2.097434863064297e+00 6.528390160708845e-01 -1.598341741622152e-01
2.188627683197527e+00 6.383958018226488e-01 -1.569291947448447e-01
2.279820503330757e+00 6.242170791758047e-01 -1.540342265611406e-01
2.371013323463987e+00 6.103017389598748e-01 -1.511534416349765e-01
2.462206143597217e+00 5.966483244030106e-01 -1.482903229357663e-01
2.553398963730448e+00 5.832550862230931e-01 -1.454478251621466e-01
2.644591783863678e+00 5.701200252806954e-01 -1.426284894426378e-01
2.735784603996908e+00 5.572409263366284e-01 -1.398345256223887e-01
2.826977424130138e+00 5.446153854058954e-01 -1.370678717514716e-01
2.918170244263368e+00 5.322408324606925e-01 -1.343302375376296e-01
3.009363064396598e+00 5.201145507152574e-01 -1.316231365185913e-01
3.100555884529828e+00 5.082336933599383e-01 -1.289479102956795e-01
3.191748704663059e+00 4.965952983551397e-01 -1.263057471754260e-01
3.282941524796289e+00 4.851963017155937e-01 -1.236976968654766e-01
3.374134344929519e+00 4.740335495890703e-01 -1.211246823781232e-01
3.465327165062749e+00 4.631038093452002e-01 -1.185875099480223e-01
3.556519985195979e+00 4.524037798283022e-01 -1.160868775268788e-01
3.647712805329209e+00 4.419301008850454e-01 -1.136233822466735e-01
3.738905625462440e+00 4.316793622478725e-01 -1.111975271229600e-01
3.830098445595670e+00 4.216481118344036e-01 -1.088097271857432e-01
3.921291265728900e+00 4.118328635087746e-01 -1.064603151668135e-01
4.012484085862130e+00 4.022301043410876e-01 -1.041495468316471e-01
4.103676905995361e+00 3.928363013944756e-01 -1.018776060157698e-01
4.194869726128591e+00 3.836479080647663e-01 -9.964460940609952e-02
4.286062546261821e+00 3.746613699946735e-01 -9.745061109457150e-02
4.377255366395051e+00 3.658731305823880e-01 -9.529560692246238e-02
4.468448186528281e+00 3.572796361030481e-01 -9.317953862794058e-02
4.559641006661511e+00 3.488773404606136e-01 -9.110229780556382e-02
4.650833826794742e+00 3.406627095869881e-01 -8.906372968406087e-02
4.742026646927972e+00 3.326322255047309e-01 -8.706363672732283e-02
4.833219467061202e+00 3.247823900692858e-01 -8.510178206276435e-02
4.924412287194432e+00 3.171097284062918e-01 -8.317789274087414e-02
5.015605107327662e+00 3.096107920592022e-01 -8.129166282970336e-02
5.106797927460892e+00 3.022821618620904e-01 -7.944275634812932e-02
5.197990747594122e+00 2.951204505521611e-01 -7.763081004191028e-02
5.289183567727353e+00 2.881223051361144e-01 -7.585543600676382e-02
5.380376387860583e+00 2.812844090241100e-01 -7.411622416292420e-02
5.471569207993813e+00 2.746034839446657e-01 -7.241274458584364e-02
5.562762028127043e+00 2.680762916533880e-01 -7.074454969788423e-02
5.653954848260273e+00 2.616996354479857e-01 -6.911117632599652e-02
5.745147668393503e+00 2.554703615015536e-01 -6.751214763049283e-02
5.836340488526734e+00 2.493853600256481e-01 -6.594697491009839e-02
5.927533308659964e+00 2.434415662741972e-01 -6.441515928850357e-02
6.018726128793194e+00 2.376359613988137e-01 -6.291619328764667e-02
6.109918948926424e+00 2.319655731656030e-01 -6.144956229293177e-02
6.201111769059654e+00 2.264274765430849e-01 -6.001474591553544e-02
6.292304589192884e+00 2.210187941703815e-01 -5.861121925688034e-02
6.383497409326115e+00 2.157366967143660e-01 -5.723845408025748e-02
6.474690229459345e+00 2.105784031240159e-01 -5.589591989446546e-02
6.565883049592575e+00 2.055411807897767e-01 -5.458308495420672e-02
6.657075869725805e+00 2.006223456153180e-01 -5.329941718184040e-02
6.748268689859035e+00 1.958192620086470e-01 -5.204438501494254e-02
6.839461509992265e+00 1.911293427991514e-01 -5.081745818396716e-02
6.930654330125495e+00 1.865500490867535e-01 -4.961810842414030e-02
7.021847150258726e+00 1.820788900289924e-01 -4.844581012555393e-02
7.113039970391956e+00 1.777134225714954e-01 -4.730004092525995e-02
7.204232790525186e+00 1.734512511269603e-01 -4.618028224499690e-02
7.295425610658416e+00 1.692900272074477e-01 -4.508601977801549e-02
7.386618430791646e+00 1.652274490144731e-01 -4.401674392830467e-02
7.477811250924876e+00 1.612612609910948e-01 -4.297195020535704e-02
7.569004071058107e+00 1.573892533399161e-01 -4.195113957745382e-02
7.660196891191337e+00 1.536092615106539e-01 -4.095381878629460e-02
7.751389711324567e+00 1.499191656606748e-01 -3.997950062564591e-02
7.842582531457797e+00 1.463168900916654e-01 -3.902770418653704e-02
7.933775351591027e+00 1.428004026653761e-01 -3.809795507139001e-02
8.024968171724257e+00 1.393677142011685e-01 -3.718978557933507e-02
8.116160991857488e+00 1.360168778578960e-01 -3.630273486483206e-02
8.207353811990718e+00 1.327459885024600e-01 -3.543634907159342e-02
8.298546632123948e+00 1.295531820672081e-01 -3.459018144368396e-02
8.389739452257178e+00 1.264366348981738e-01 -3.376379241555898e-02
8.480932272390408e+00 1.233945630960026e-01 -3.295674968269284e-02
8.572125092523638e+00 1.204252218512631e-01 -3.216862825434650e-02
8.663317912656868e+00 1.175269047757053e-01 -3.139901048992423e-02
8.754510732790099e+00 1.146979432308987e-01 -3.064748612027567e-02
8.845703552923329e+00 1.119367056555677e-01 -2.991365225521162e-02
8.936896373056559e+00 1.092415968928230e-01 -2.919711337841757e-02
9.028089193189789e+00 1.066110575183901e-01 -2.849748133087009e-02
9.119282013323019e+00 1.040435631708351e-01 -2.781437528378643e-02
9.210474833456249e+00 1.015376238846971e-01 -2.714742170206715e-02
9.301667653589480e+00 9.909178342735418e-02 -2.649625429912542e-02
9.392860473722710e+00 9.670461864036964e-02 -2.586051398393378e-02
9.484053293855940e+00 9.437473878599202e-02 -2.523984880106091e-02
9.575246113989170e+00 9.210078489941596e-02 -2.463391386441534e-02
9.666438934122400e+00 8.988142914734641e-02 -2.404237128536157e-02
9.757631754255630e+00 8.771537419335106e-02 -2.346489009582526e-02
9.848824574388860e+00 8.560135257043192e-02 -2.290114616695880e-02
9.940017394522091e+00 8.353812606119589e-02 -2.235082212389584e-02
1.003121021465532e+01 8.152448508595889e-02 -2.181360725708348e-02
1.012240303478855e+01 7.955924809907457e-02 -2.128919743064352e-02
1.021359585492178e+01 7.764126099373941e-02 -2.077729498817937e-02
1.030478867505501e+01 7.576939651548910e-02 -2.027760865641243e-02
1.039598149518824e+01 7.394255368456824e-02 -1.978985344700166e-02
1.048717431532147e+01 7.215965722732372e-02 -1.931375055687152e-02
1.057836713545470e+01 7.041965701674398e-02 -1.884902726734682e-02
1.066955995558793e+01 6.872152752224024e-02 -1.839541684236907e-02
1.076075277572116e+01 6.706426726874226e-02 -1.795265842604502e-02
1.085194559585439e+01 6.544689830515821e-02 -1.752049693975767e-02
1.094313841598762e+01 6.386846568222940e-02 -1.709868297904949e-02
1.103433123612085e+01 6.232803693979144e-02 -1.668697271046955e-02
1.112552405625408e+01 6.082470160343732e-02 -1.628512776855889e-02
1.121671687638731e+01 5.935757069056199e-02 -1.589291515313275e-02
1.130790969652054e+01 5.792577622575539e-02 -1.551010712700321e-02
1.139910251665377e+01 5.652847076549713e-02 -1.513648111427248e-02
1.149029533678700e+01 5.516482693209557e-02 -1.477181959931410e-02
1.158148815692023e+01 5.383403695680385e-02 -1.441591002654759e-02
1.167268097705346e+01 5.253531223203566e-02 -1.406854470110143e-02
1.176387379718669e+01 5.126788287259634e-02 -1.372952069044882e-02
1.185506661731992e+01 5.003099728583672e-02 -1.339863972709179e-02
1.194625943745315e+01 4.882392175063099e-02 -1.307570811236030e-02
1.203745225758638e+01 4.764594000507458e-02 -1.276053662138515e-02
1.212864507771961e+01 4.649635284279202e-02 -1.245294040929633e-02
1.221983789785284e+01 4.537447771774146e-02 -1.215273891869151e-02
1.231103071798607e+01 4.427964835739785e-02 -1.185975578841325e-02
1.240222353811930e+01 4.321121438419415e-02 -1.157381876366788e-02
1.249341635825254e+01 4.216854094509673e-02 -1.129475960751357e-02
1.258460917838577e+01 4.115100834918917e-02 -1.102241401374050e-02
1.267580199851900e+01 4.015801171313647e-02 -1.075662152116144e-02
1.276699481865223e+01 3.918896061440066e-02 -1.049722542932712e-02
1.285818763878546e+01 3.824327875207693e-02 -1.024407271567705e-02
1.294938045891869e+01 3.732040361521952e-02 -9.997013954133023e-03
1.304057327905192e+01 3.641978615852518e-02 -9.755903235139489e-03
1.313176609918515e+01 3.554089048524240e-02 -9.520598087152117e-03
1.322295891931838e+01 3.468319353717434e-02 -9.290959399573414e-03
1.331415173945161e+01 3.384618479164356e-02 -9.066851347131824e-03
1.340534455958484e+01 3.302936596528733e-02 -8.848141315698709e-03
1.349653737971807e+01 3.223225072455250e-02 -8.634699829535674e-03
1.358773019985130e+01 3.145436440276003e-02 -8.426400479962994e-03
1.367892301998453e+01 3.069524372361020e-02 -8.223119855438353e-03
1.377011584011776e+01 2.995443653100006e-02 -8.024737473033738e-03
1.386130866025099e+01 2.923150152502669e-02 -7.831135711297087e-03
1.395250148038422e+01 2.852600800405015e-02 -7.642199744484132e-03
1.404369430051745e+01 2.783753561269240e-02 -7.457817478145074e-03
1.413488712065068e+01 2.716567409564883e-02 -7.277879486049620e-03
1.422607994078391e+01 2.651002305719161e-02 -7.102278948433383e-03
1.431727276091714e+01 2.587019172624476e-02 -6.930911591547876e-03
1.440846558105037e+01 2.524579872691328e-02 -6.763675628495789e-03
1.449965840118360e+01 2.463647185434958e-02 -6.600471701332753e-03
1.459085122131683e+01 2.404184785584299e-02 -6.441202824416427e-03
1.468204404145006e+01 2.346157221701910e-02 -6.285774328983346e-03
1.477323686158329e+01 2.289529895303826e-02 -6.134093808933754e-03
1.486442968171652e+01 2.234269040468364e-02 -5.986071067804395e-03
1.495562250184975e+01 2.180341703923165e-02 -5.841618066909097e-03
1.504681532198298e+01 2.127715725599911e-02 -5.700648874626860e-03
1.513800814211621e+01 2.076359719646337e-02 -5.563079616817111e-03
1.522920096224944e+01 2.026243055885369e-02 -5.428828428341731e-03
1.532039378238267e+01 1.977335841711362e-02 -5.297815405673510e-03
1.541158660251590e+01 1.929608904413655e-02 -5.169962560570699e-03
1.550277942264913e+01 1.883033773917780e-02 -5.045193774797415e-03
1.559397224278236e+01 1.837582665934914e-02 -4.923434755869774e-03
1.568516506291559e+01 1.793228465510276e-02 -4.804612993807703e-03
1.577635788304882e+01 1.749944710961422e-02 -4.688657718872603e-03
1.586755070318205e+01 1.707705578197508e-02 -4.575499860271138e-03
1.595874352331528e+01 1.666485865410827e-02 -4.465072005805655e-03
1.604993634344851e+01 1.626260978132052e-02 -4.357308362451926e-03
1.614112916358174e+01 1.587006914640831e-02 -4.252144717845107e-03
1.623232198371497e+01 1.548700251723533e-02 -4.149518402655073e-03
1.632351480384820e+01 1.511318130770118e-02 -4.049368253832482e-03
1.641470762398143e+01 1.474838244202277e-02 -3.951634578707220e-03
1.650590044411466e+01 1.439238822225149e-02 -3.856259119921084e-03
1.659709326424789e+01 1.404498619895096e-02 -3.763185021176877e-03
1.668828608438112e+01 1.370596904496159e-02 -3.672356793786300e-03
1.677947890451435e+01 1.337513443218002e-02 -3.583720283999369e-03
1.687067172464758e+01 1.305228491128289e-02 -3.497222641098287e-03
1.696186454478081e+01 1.273722779432595e-02 -3.412812286239068e-03
1.705305736491404e+01 1.242977504015123e-02 -3.330438882024403e-03
1.714425018504727e+01 1.212974314253609e-02 -3.250053302791625e-03
1.723544300518050e+01 1.183695302101988e-02 -3.171607605599864e-03
1.732663582531373e+01 1.155122991434508e-02 -3.095055001900785e-03
1.741782864544696e+01 1.127240327645117e-02 -3.020349829877600e-03
1.750902146558019e+01 1.100030667496128e-02 -2.947447527437321e-03
1.760021428571342e+01 1.073477769210233e-02 -2.876304605841496e-03
1.769140710584665e+01 1.047565782800140e-02 -2.806878623960981e-03
1.778259992597988e+01 1.022279240630198e-02 -2.739128163140556e-03
1.787379274611311e+01 9.976030482045029e-03 -2.673012802659488e-03
1.796498556624634e+01 9.735224751761284e-03 -2.608493095774419e-03
1.805617838637957e+01 9.500231465722184e-03 -2.545530546331232e-03
1.814737120651280e+01 9.270910342298220e-03 -2.484087585932809e-03
1.823856402664603e+01 9.047124484374511e-03 -2.424127551649893e-03
1.832975684677927e+01 8.828740297774768e-03 -2.365614664262494e-03
1.842094966691250e+01 8.615627411645708e-03 -2.308514007019572e-03
1.851214248704573e+01 8.407658600755282e-03 -2.252791504904974e-03
1.860333530717896e+01 8.204709709659070e-03 -2.198413904397864e-03
1.869452812731219e+01 8.006659578690256e-03 -2.145348753716132e-03
1.878572094744542e+01 7.813389971729676e-03 -2.093564383531510e-03
1.887691376757865e+01 7.624785505713429e-03 -2.043029888145398e-03
1.896810658771188e+01 7.440733581836505e-03 -1.993715107114586e-03
1.905929940784511e+01 7.261124318411913e-03 -1.945590607316361e-03
1.915049222797834e+01 7.085850485345700e-03 -1.898627665442669e-03
1.924168504811157e+01 6.914807440189193e-03 -1.852798250913249e-03
1.933287786824480e+01 6.747893065730719e-03 -1.808075009197887e-03
1.942407068837803e+01 6.585007709089927e-03 -1.764431245538142e-03
1.951526350851126e+01 6.426054122278709e-03 -1.721840909059134e-03
1.960645632864449e+01 6.270937404193586e-03 -1.680278577262161e-03
1.969764914877772e+01 6.119564944005227e-03 -1.639719440889167e-03
1.978884196891095e+01 5.971846365911607e-03 -1.600139289150238e-03
1.988003478904418e+01 5.827693475222081e-03 -1.561514495305542e-03
1.997122760917741e+01 5.687020205740445e-03 -1.523822002593307e-03
2.006242042931064e+01 5.549742568415791e-03 -1.487039310495615e-03
2.015361324944387e+01 5.415778601230733e-03 -1.451144461334002e-03
2.024480606957710e+01 5.285048320297278e-03 -1.416116027187019e-03
2.033599888971033e+01 5.157473672131326e-03 -1.381933097122098e-03
2.042719170984356e+01 5.032978487077495e-03 -1.348575264734233e-03
2.051838452997679e+01 4.911488433856611e-03 -1.316022615984184e-03
2.060957735011002e+01 4.792930975208881e-03 -1.284255717329045e-03
2.070077017024325e+01 4.677235324606422e-03 -1.253255604138226e-03
2.079196299037648e+01 4.564332404009381e-03 -1.223003769388018e-03
2.088315581050971e+01 4.454154802640626e-03 -1.193482152628095e-03
2.097434863064294e+01 4.346636736754422e-03 -1.164673129213470e-03
2.106554145077617e+01 4.241714010375238e-03 -1.136559499795536e-03
2.115673427090940e+01 4.139323976983298e-03 -1.109124480066025e-03
2.124792709104263e+01 4.039405502124129e-03 -1.082351690747803e-03
2.133911991117586e+01 3.941898926919830e-03 -1.056225147826625e-03
2.143031273130909e+01 3.846746032460378e-03 -1.030729253018057e-03
2.152150555144232e+01 3.753890005053763e-03 -1.005848784463943e-03
2.161269837157555e+01 3.663275402314297e-03 -9.815688876529094e-04
2.170389119170878e+01 3.574848120068883e-03 -9.578750665595555e-04
2.179508401184201e+01 3.488555360061560e-03 -9.347531749970535e-04
2.188627683197524e+01 3.404345598437094e-03 -9.121894081780723e-04
2.197746965210847e+01 3.322168554984845e-03 -8.901702944790065e-04
2.206866247224170e+01 3.241975163124588e-03 -8.686826874026388e-04
2.215985529237493e+01 3.163717540616417e-03 -8.477137577344689e-04
2.225104811250816e+01 3.087348960977286e-03 -8.272509858880619e-04
2.234224093264139e+01 3.012823825587149e-03 -8.072821544348735e-04
2.243343375277462e+01 2.940097636468085e-03 -7.877953408141199e-04
2.252462657290785e+01 2.869126969720188e-03 -7.687789102183667e-04
2.261581939304108e+01 2.799869449598382e-03 -7.502215086506141e-04
2.270701221317431e+01 2.732283723214731e-03 -7.321120561487537e-04
2.279820503330754e+01 2.666329435851135e-03 -7.144397401733737e-04
2.288939785344077e+01 2.601967206867725e-03 -6.971940091549839e-04
2.298059067357400e+01 2.539158606192572e-03 -6.803645661968242e-04
2.307178349370723e+01 2.477866131378715e-03 -6.639413629295165e-04
2.316297631384046e+01 2.418053185214807e-03 -6.479145935139050e-04
2.325416913397369e+01 2.359684053876040e-03 -6.322746887885168e-04
2.334536195410692e+01 2.302723885602315e-03 -6.170123105581652e-04
2.343655477424015e+01 2.247138669890954e-03 -6.021183460202955e-04
2.352774759437338e+01 2.192895217191528e-03 -5.875839023257590e-04
2.361894041450661e+01 2.139961139090689e-03 -5.734003012707756e-04
2.371013323463984e+01 2.088304828975217e-03 -5.595590741169304e-04
2.380132605477307e+01 2.037895443161702e-03 -5.460519565361149e-04
2.389251887490630e+01 1.988702882481649e-03 -5.328708836774091e-04
2.398371169503953e+01 1.940697774310982e-03 -5.200079853529612e-04
2.407490451517276e+01 1.893851455033261e-03 -5.074555813400039e-04
2.416609733530600e+01 1.848135952926118e-03 -4.952061767962046e-04
2.425729015543923e+01 1.803523971460724e-03 -4.832524577856207e-04
2.434848297557246e+01 1.759988873004320e-03 -4.715872869125940e-04
2.443967579570569e+01 1.717504662916069e-03 -4.602036990609834e-04
2.453086861583892e+01 1.676045974026767e-03 -4.490948972361967e-04
2.462206143597215e+01 1.635588051493129e-03 -4.382542485075429e-04
2.471325425610538e+01 1.596106738017626e-03 -4.276752800484889e-04
2.480444707623861e+01 1.557578459425045e-03 -4.173516752724574e-04
2.489563989637184e+01 1.519980210587169e-03 -4.072772700618654e-04
2.498683271650507e+01 1.483289541687178e-03 -3.974460490881538e-04
2.507802553663830e+01 1.447484544815566e-03 -3.878521422206145e-04
2.516921835677153e+01 1.412543840889589e-03 -3.784898210218738e-04
2.526041117690476e+01 1.378446566888415e-03 -3.693534953279426e-04
2.535160399703799e+01 1.345172363396384e-03 -3.604377099107941e-04
2.544279681717122e+01 1.312701362446922e-03 -3.517371412214784e-04
2.553398963730445e+01 1.281014175659862e-03 -3.432465942118324e-04
2.562518245743768e+01 1.250091882665094e-03 -3.349609992328886e-04
2.571637527757091e+01 1.219916019805630e-03 -3.268754090081332e-04
2.580756809770414e+01 1.190468569113338e-03 -3.189849956798080e-04
2.589876091783737e+01 1.161731947550773e-03 -3.112850479264952e-04
2.598995373797060e+01 1.133688996512679e-03 -3.037709681502634e-04
2.608114655810383e+01 1.106322971580893e-03 -2.964382697316991e-04
2.617233937823706e+01 1.079617532526538e-03 -2.892825743511848e-04
2.626353219837029e+01 1.053556733553539e-03 -2.822996093748257e-04
2.635472501850352e+01 1.028125013777629e-03 -2.754852053034659e-04
2.644591783863675e+01 1.003307187935176e-03 -2.688352932832711e-04
2.653711065876998e+01 9.790884373162704e-04 -2.623459026763931e-04
2.662830347890321e+01 9.554543009166682e-04 -2.560131586902669e-04
2.671949629903644e+01 9.323906668033055e-04 -2.498332800641239e-04
2.681068911916967e+01 9.098837636882309e-04 -2.438025768113435e-04
2.690188193930290e+01 8.879201527059222e-04 -2.379174480162934e-04
2.699307475943613e+01 8.664867193890841e-04 -2.321743796843449e-04
2.708426757956936e+01 8.455706658381306e-04 -2.265699426437798e-04
2.717546039970259e+01 8.251595030796819e-04 -2.211007904983372e-04
2.726665321983582e+01 8.052410436095109e-04 -2.157636576291777e-04
2.735784603996905e+01 7.858033941154892e-04 -2.105553572450729e-04
2.744903886010228e+01 7.668349483761864e-04 -2.054727794796560e-04
2.754023168023551e+01 7.483243803308843e-04 -2.005128895345989e-04
2.763142450036874e+01 7.302606373168679e-04 -1.956727258676056e-04
2.772261732050197e+01 7.126329334699571e-04 -1.909493984241428e-04
2.781381014063520e+01 6.954307432843366e-04 -1.863400869118501e-04
2.790500296076843e+01 6.786437953278403e-04 -1.818420391166012e-04
2.799619578090166e+01 6.622620661089397e-04 -1.774525692592098e-04
2.808738860103489e+01 6.462757740917711e-04 -1.731690563918004e-04
2.817858142116812e+01 6.306753738556309e-04 -1.689889428328865e-04
2.826977424130135e+01 6.154515503954518e-04 -1.649097326402209e-04
2.836096706143458e+01 6.005952135598557e-04 -1.609289901205082e-04
2.845215988156781e+01 5.860974926234628e-04 -1.570443383750887e-04
2.854335270170104e+01 5.719497309902190e-04 -1.532534578807262e-04
2.863454552183427e+01 5.581434810245735e-04 -1.495540851046513e-04
2.872573834196750e+01 5.446704990074276e-04 -1.459440111530356e-04
2.881693116210073e+01 5.315227402138369e-04 -1.424210804520876e-04
2.890812398223396e+01 5.186923541095317e-04 -1.389831894609842e-04
2.899931680236719e+01 5.061716796633861e-04 -1.356282854158700e-04
2.909050962250042e+01 4.939532407730376e-04 -1.323543651041726e-04
2.918170244263365e+01 4.820297418009255e-04 -1.291594736685044e-04
2.927289526276688e+01 4.703940632180838e-04 -1.260417034394350e-04
2.936408808290011e+01 4.590392573530865e-04 -1.229991927964388e-04
2.945528090303334e+01 4.479585442436069e-04 -1.200301250563370e-04
2.954647372316657e+01 4.371453075881160e-04 -1.171327273885700e-04
2.963766654329980e+01 4.265930907953005e-04 -1.143052697566537e-04
2.972885936343303e+01 4.162955931288431e-04 -1.115460638851871e-04
2.982005218356626e+01 4.062466659452625e-04 -1.088534622517937e-04
2.991124500369950e+01 3.964403090225670e-04 -1.062258571033969e-04
3.000243782383273e+01 3.868706669775301e-04 -1.036616794962398e-04
3.009363064396596e+01 3.775320257694480e-04 -1.011593983590779e-04
3.018482346409919e+01 3.684188092882921e-04 -9.871751957898457e-05
3.027601628423242e+01 3.595255760252195e-04 -9.633458510922342e-05
3.036720910436565e+01 3.508470158234524e-04 -9.400917209865583e-05
3.045840192449888e+01 3.423779467075885e-04 -9.173989204216259e-05
3.054959474463211e+01 3.341133117894466e-04 -8.952538995157341e-05
3.064078756476534e+01 3.260481762486020e-04 -8.736434354660879e-05
3.073198038489857e+01 3.181777243858084e-04 -8.525546246535134e-05
3.082317320503180e+01 3.104972567475457e-04 -8.319748749377512e-05
3.091436602516503e+01 3.030021873199783e-04 -8.118918981387318e-05
3.100555884529826e+01 2.956880407906484e-04 -7.922937026993389e-05
3.109675166543149e+01 2.885504498762671e-04 -7.731685865252869e-05
3.118794448556472e+01 2.815851527150116e-04 -7.545051299978294e-05
3.127913730569795e+01 2.747879903217674e-04 -7.362921891551356e-05
3.137033012583118e+01 2.681549041047994e-04 -7.185188890382557e-05
3.146152294596441e+01 2.616819334423664e-04 -7.011746171977066e-05
3.155271576609764e+01 2.553652133178336e-04 -6.842490173567992e-05
3.164390858623087e+01 2.492009720118724e-04 -6.677319832279262e-05
3.173510140636410e+01 2.431855288503647e-04 -6.516136524781147e-05
3.182629422649733e+01 2.373152920066729e-04 -6.358844008402428e-05
3.191748704663056e+01 2.315867563569593e-04 -6.205348363664040e-05
3.200867986676379e+01 2.259965013872759e-04 -6.055557938199889e-05
3.209987268689702e+01 2.205411891511748e-04 -5.909383292031318e-05
3.219106550703025e+01 2.152175622766189e-04 -5.766737144162624e-05
3.228225832716348e+01 2.100224420210047e-04 -5.627534320465644e-05
3.237345114729671e+01 2.049527263731333e-04 -5.491691702822377e-05
3.246464396742994e+01 2.000053882009987e-04 -5.359128179495220e-05
3.255583678756317e+01 1.951774734442858e-04 -5.229764596695211e-05
3.264702960769640e+01 1.904660993504999e-04 -5.103523711319358e-05
3.273822242782963e+01 1.858684527536735e-04 -4.980330144828829e-05
3.282941524796286e+01 1.813817883946237e-04 -4.860110338240460e-05
3.292060806809609e+01 1.770034272817566e-04 -4.742792508204726e-05
3.301180088822932e+01 1.727307550914395e-04 -4.628306604143921e-05
3.310299370836255e+01 1.685612206069873e-04 -4.516584266424991e-05
3.319418652849578e+01 1.644923341953291e-04 -4.407558785542003e-05
3.328537934862901e+01 1.605216663204473e-04 -4.301165062283920e-05
3.337657216876224e+01 1.566468460926991e-04 -4.197339568863864e-05
3.346776498889547e+01 1.528655598531581e-04 -4.096020310986685e-05
3.355895780902870e+01 1.491755497921259e-04 -3.997146790832166e-05
3.365015062916194e+01 1.455746126009929e-04 -3.900659970931771e-05
3.374134344929517e+01 1.420605981566413e-04 -3.806502238917371e-05
3.383253626942840e+01 1.386314082376046e-04 -3.714617373120892e-05
3.392372908956163e+01 1.352849952712183e-04 -3.624950509004349e-05
3.401492190969486e+01 1.320193611110130e-04 -3.537448106400215e-05
3.410611472982809e+01 1.288325558436191e-04 -3.452057917542578e-05
3.419730754996132e+01 1.257226766244725e-04 -3.368728955869987e-05
3.428850037009455e+01 1.226878665416242e-04 -3.287411465581355e-05
3.437969319022778e+01 1.197263135069772e-04 -3.208056891926757e-05
3.447088601036101e+01 1.168362491742869e-04 -3.130617852215368e-05
3.456207883049424e+01 1.140159478832803e-04 -3.055048107523242e-05
3.465327165062747e+01 1.112637256292625e-04 -2.981302535084029e-05
3.474446447076070e+01 1.085779390575966e-04 -2.909337101346150e-05
3.483565729089393e+01 1.059569844824551e-04 -2.839108835680341e-05
3.492685011102716e+01 1.033992969292574e-04 -2.770575804721871e-05
3.501804293116039e+01 1.009033492002227e-04 -2.703697087332104e-05
3.510923575129362e+01 9.846765096247840e-05 -2.638432750164467e-05
3.520042857142685e+01 9.609074785818132e-05 -2.574743823820221e-05
3.529162139156008e+01 9.377122063611930e-05 -2.512592279579817e-05
3.538281421169331e+01 9.150768430427505e-05 -2.451941006695918e-05
3.547400703182654e+01 8.929878730284614e-05 -2.392753790234550e-05
3.556519985195977e+01 8.714321069722754e-05 -2.334995289451140e-05
3.565639267209300e+01 8.503966739047452e-05 -2.278631016688536e-05
3.574758549222623e+01 8.298690135477578e-05 -2.223627316784400e-05
3.583877831235946e+01 8.098368688147834e-05 -2.169951346975689e-05
3.592997113249269e+01 7.902882784921565e-05 -2.117571057288216e-05
3.602116395262592e+01 7.712115700970238e-05 -2.066455171399590e-05
3.611235677275915e+01 7.525953529076948e-05 -2.016573167964096e-05
3.620354959289238e+01 7.344285111622312e-05 -1.967895262388378e-05
3.629474241302561e+01 7.167001974212143e-05 -1.920392389047039e-05
3.638593523315884e+01 6.993998260907299e-05 -1.874036183927527e-05
3.647712805329207e+01 6.825170671016995e-05 -1.828798967693965e-05
3.656832087342530e+01 6.660418397417863e-05 -1.784653729159796e-05
3.665951369355853e+01 6.499643066361929e-05 -1.741574109159380e-05
3.675070651369176e+01 6.342748678737552e-05 -1.699534384808918e-05
3.684189933382499e+01 6.189641552748257e-05 -1.658509454147295e-05
3.693309215395822e+01 6.040230267975253e-05 -1.618474821147675e-05
3.702428497409145e+01 5.894425610790214e-05 -1.579406581090905e-05
3.711547779422468e+01 5.752140521085729e-05 -1.541281406291990e-05
3.720667061435791e+01 5.613290040291631e-05 -1.504076532171107e-05
3.729786343449114e+01 5.477791260646157e-05 -1.467769743660856e-05
3.738905625462437e+01 5.345563275691636e-05 -1.432339361941624e-05
3.748024907475760e+01 5.216527131965170e-05 -1.397764231497144e-05
3.757144189489083e+01 5.090605781855446e-05 -1.364023707482516e-05
3.766263471502406e+01 4.967724037597527e-05 -1.331097643397151e-05
3.775382753515729e+01 4.847808526378166e-05 -1.298966379055280e-05
3.784502035529052e+01 4.730787646524831e-05 -1.267610728846834e-05
3.793621317542375e+01 4.616591524752272e-05 -1.237011970281706e-05
3.802740599555698e+01 4.505151974441116e-05 -1.207151832810528e-05
3.811859881569021e+01 4.396402454923570e-05 -1.178012486915316e-05
3.820979163582344e+01 4.290278031751921e-05 -1.149576533463440e-05
3.830098445595667e+01 4.186715337926116e-05 -1.121826993318594e-05
3.839217727608990e+01 4.085652536057261e-05 -1.094747297202533e-05
3.848337009622313e+01 3.987029281444461e-05 -1.068321275801542e-05
3.857456291635636e+01 3.890786686042930e-05 -1.042533150111725e-05
3.866575573648959e+01 3.796867283301889e-05 -1.017367522017345e-05
3.875694855662282e+01 3.705214993851228e-05 -9.928093650965975e-06
3.884814137675605e+01 3.615775092016460e-05 -9.688440156493170e-06
3.893933419688928e+01 3.528494173141965e-05 -9.454571639412680e-06
3.903052701702251e+01 3.443320121703021e-05 -9.226348456597896e-06
3.912171983715574e+01 3.360202080187567e-05 -9.003634335756917e-06
3.921291265728897e+01 3.279090418729135e-05 -8.786296294064223e-06
3.930410547742220e+01 3.199936705472809e-05 -8.574204558756499e-06
3.939529829755543e+01 3.122693677656512e-05 -8.367232489645204e-06
3.948649111768867e+01 3.047315213390366e-05 -8.165256503499590e-06
3.957768393782190e+01 2.973756304117268e-05 -7.968156000255022e-06
3.966887675795513e+01 2.901973027738229e-05 -7.775813291002585e-06
3.976006957808836e+01 2.831922522386451e-05 -7.588113527716895e-06
3.985126239822159e+01 2.763562960834462e-05 -7.404944634680252e-06
3.994245521835482e+01 2.696853525519034e-05 -7.226197241562114e-06
4.003364803848805e+01 2.631754384168980e-05 -7.051764618113960e-06
4.012484085862128e+01 2.568226666021261e-05 -6.881542610440558e-06
4.021603367875451e+01 2.506232438611213e-05 -6.715429578809572e-06
4.030722649888774e+01 2.445734685123042e-05 -6.553326336962378e-06
4.039841931902097e+01 2.386697282287038e-05 -6.395136092889852e-06
4.048961213915420e+01 2.329084978810338e-05 -6.240764391037765e-06
4.058080495928743e+01 2.272863374328344e-05 -6.090119055907273e-06
4.067199777942066e+01 2.217998898864231e-05 -5.943110137016846e-06
4.076319059955389e+01 2.164458792784277e-05 -5.799649855192740e-06
4.085438341968712e+01 2.112211087237058e-05 -5.659652550155970e-06
4.094557623982035e+01 2.061224585064809e-05 -5.523034629374464e-06
4.103676905995358e+01 2.011468842175574e-05 -5.389714518149886e-06
4.112796188008681e+01 1.962914149365008e-05 -5.259612610909301e-06
4.121915470022004e+01 1.915531514576976e-05 -5.132651223672611e-06
4.131034752035327e+01 1.869292645592376e-05 -5.008754547667366e-06
4.140154034048650e+01 1.824169933135817e-05 -4.887848604063278e-06
4.149273316061973e+01 1.780136434390101e-05 -4.769861199799384e-06
4.158392598075296e+01 1.737165856908635e-05 -4.654721884477499e-06
4.167511880088619e+01 1.695232542916184e-05 -4.542361908296210e-06
4.176631162101942e+01 1.654311453988592e-05 -4.432714181000306e-06
4.185750444115265e+01 1.614378156102310e-05 -4.325713231821113e-06
4.194869726128588e+01 1.575408805044817e-05 -4.221295170383840e-06
4.203989008141911e+01 1.537380132177218e-05 -4.119397648558565e-06
4.213108290155234e+01 1.500269430540514e-05 -4.019959823232109e-06
4.222227572168557e+01 1.464054541297254e-05 -3.922922319978554e-06
4.231346854181880e+01 1.428713840500474e-05 -3.828227197606706e-06
4.240466136195203e+01 1.394226226182012e-05 -3.735817913563362e-06
4.249585418208526e+01 1.360571105752506e-05 -3.645639290171682e-06
4.258704700221849e+01 1.327728383705535e-05 -3.557637481684557e-06
4.267823982235172e+01 1.295678449618572e-05 -3.471759942133249e-06
4.276943264248495e+01 1.264402166443583e-05 -3.387955393952146e-06
4.286062546261818e+01 1.233880859080274e-05 -3.306173797360871e-06
4.295181828275141e+01 1.204096303225171e-05 -3.226366320485485e-06
4.304301110288464e+01 1.175030714489871e-05 -3.148485310200919e-06
4.313420392301787e+01 1.146666737781963e-05 -3.072484263677255e-06
4.322539674315110e+01 1.118987436942287e-05 -2.998317800612828e-06
4.331658956328433e+01 1.091976284632337e-05 -2.925941636137611e-06
4.340778238341756e+01 1.065617152465765e-05 -2.855312554370671e-06
4.349897520355079e+01 1.039894301378115e-05 -2.786388382615920e-06
4.359016802368402e+01 1.014792372229003e-05 -2.719127966180764e-06
4.368136084381725e+01 9.902963766311604e-06 -2.653491143802587e-06
4.377255366395048e+01 9.663916880008583e-06 -2.589438723668424e-06
4.386374648408371e+01 9.430640328243523e-06 -2.526932460013491e-06
4.395493930421694e+01 9.202994821351579e-06 -2.465935030284596e-06
4.404613212435017e+01 8.980844431970487e-06 -2.406410012854809e-06
4.413732494448340e+01 8.764056513878202e-06 -2.348321865276070e-06
4.422851776461663e+01 8.552501622789700e-06 -2.291635903056760e-06
4.431971058474986e+01 8.346053439065675e-06 -2.236318278951552e-06
4.441090340488309e+01 8.144588692286945e-06 -2.182335962751190e-06
4.450209622501632e+01 7.947987087649567e-06 -2.129656721560116e-06
4.459328904514955e+01 7.756131234136683e-06 -2.078249100550176e-06
4.468448186528278e+01 7.568906574424236e-06 -2.028082404178911e-06
4.477567468541601e+01 7.386201316478654e-06 -1.979126677861216e-06
4.486686750554924e+01 7.207906366805738e-06 -1.931352690083431e-06
4.495806032568247e+01 7.033915265310811e-06 -1.884731914949170e-06
4.504925314581570e+01 6.864124121731292e-06 -1.839236515146482e-06
4.514044596594893e+01 6.698431553603721e-06 -1.794839325326161e-06
4.523163878608216e+01 6.536738625728178e-06 -1.751513835881295e-06
4.532283160621540e+01 6.378948791093984e-06 -1.709234177118345e-06
4.541402442634863e+01 6.224967833231377e-06 -1.667975103810333e-06
4.550521724648186e+01 6.074703809954762e-06 -1.627711980122884e-06
4.559641006661509e+01 5.928066998463950e-06 -1.588420764904147e-06
4.568760288674832e+01 5.784969841770570e-06 -1.550077997329804e-06
4.577879570688155e+01 5.645326896417708e-06 -1.512660782894580e-06
4.586998852701478e+01 5.509054781461532e-06 -1.476146779741916e-06
4.596118134714801e+01 5.376072128684452e-06 -1.440514185323621e-06
4.605237416728124e+01 5.246299534010066e-06 -1.405741723381553e-06
4.614356698741447e+01 5.119659510090911e-06 -1.371808631243539e-06
4.623475980754770e+01 4.996076440040689e-06 -1.338694647425963e-06
4.632595262768093e+01 4.875476532283345e-06 -1.306379999535616e-06
4.641714544781416e+01 4.757787776492046e-06 -1.274845392463580e-06
4.650833826794739e+01 4.642939900591740e-06 -1.244071996864097e-06
4.659953108808062e+01 4.530864328799630e-06 -1.214041437911548e-06
4.669072390821385e+01 4.421494140678504e-06 -1.184735784328827e-06
4.678191672834708e+01 4.314764031178477e-06 -1.156137537680556e-06
4.687310954848031e+01 4.210610271643272e-06 -1.128229621924756e-06
4.696430236861354e+01 4.108970671757782e-06 -1.100995373216717e-06
4.705549518874677e+01 4.009784542414171e-06 -1.074418529959007e-06
4.714668800888000e+01 3.912992659474344e-06 -1.048483223091651e-06
4.723788082901323e+01 3.818537228407149e-06 -1.023173966616704e-06
4.732907364914646e+01 3.726361849779212e-06 -9.984756483515394e-07
4.742026646927969e+01 3.636411485578777e-06 -9.743735209053554e-07
4.751145928941292e+01 3.548632426352447e-06 -9.508531928734903e-07
4.760265210954615e+01 3.462972259135225e-06 -9.279006202443005e-07
4.769384492967938e+01 3.379379836154672e-06 -9.055020980134674e-07
4.778503774981261e+01 3.297805244290522e-06 -8.836442520007254e-07
4.787623056994584e+01 3.218199775271511e-06 -8.623140308641250e-07
4.796742339007907e+01 3.140515896591615e-06 -8.414986983070634e-07
4.805861621021230e+01 3.064707223128343e-06 -8.211858254734297e-07
4.814980903034553e+01 2.990728489446136e-06 -8.013632835263209e-07
4.824100185047876e+01 2.918535522768326e-06 -7.820192364059026e-07
4.833219467061199e+01 2.848085216601531e-06 -7.631421337620846e-07
4.842338749074522e+01 2.779335504996720e-06 -7.447207040577961e-07
4.851458031087845e+01 2.712245337431596e-06 -7.267439478387387e-07
4.860577313101168e+01 2.646774654299283e-06 -7.092011311656018e-07
4.869696595114491e+01 2.582884362988699e-06 -6.920817792048161e-07
4.878815877127814e+01 2.520536314542316e-06 -6.753756699740206e-07
4.887935159141137e+01 2.459693280877379e-06 -6.590728282385055e-07
4.897054441154460e+01 2.400318932556979e-06 -6.431635195549899e-07
4.906173723167783e+01 2.342377817097713e-06 -6.276382444591767e-07
4.915293005181106e+01 2.285835337800967e-06 -6.124877327936119e-07
4.924412287194429e+01 2.230657733095194e-06 -5.977029381724646e-07
4.933531569207752e+01 2.176812056376846e-06 -5.832750325799205e-07
4.942650851221075e+01 2.124266156337921e-06 -5.691954010989655e-07
4.951770133234398e+01 2.072988657768386e-06 -5.554556367674091e-07
4.960889415247721e+01 2.022948942822009e-06 -5.420475355580796e-07
4.970008697261044e+01 1.974117132734411e-06 -5.289630914801909e-07
4.979127979274367e+01 1.926464069982424e-06 -5.161944917989570e-07
4.988247261287690e+01 1.879961300874104e-06 -5.037341123706006e-07
4.997366543301013e+01 1.834581058559008e-06 -4.915745130899689e-07

